    p         z         T         T         rH     qV     WS    WD    qt    u     v
100000.0 0.0 288.3 288.3 1.0233954515334933 9.486832980505138 18.43494882292201 0.00945 3.0 -9.0
99999.88211433067 9.464285714285714 288.29990284749056 288.29990284749056 0.8784357788657441 9.449584317351057 18.77066477962514 0.00945 3.0406964285714286 -8.947
99888.40058838403 18.928571428571427 288.2079915172516 288.2079915172516 0.8826529854903978 9.412662638172634 19.109026157366994 0.00945 3.0813928571428573 -8.894
99777.00785965969 28.39285714285714 288.1160801986869 288.1160801986869 0.8868938520548507 9.376071805824225 19.450040467783595 0.00945 3.122089285714286 -8.841
99665.70388571531 37.857142857142854 288.0241688918042 288.0241688918042 0.8911585287664998 9.339815708807631 19.793714588943473 0.00945 3.162785714285714 -8.788
99554.48862411534 47.32142857142857 287.9322575966106 287.9322575966106 0.8954471668907744 9.303898260385512 20.14005474105686 0.00945 3.2034821428571427 -8.735
99443.36203243097 56.785714285714285 287.8403463131138 287.8403463131138 0.8997599187592396 9.26832339764406 20.48906646190421 0.00945 3.2441785714285714 -8.682
99332.32406824017 66.25 287.7484350413211 287.7484350413211 0.9040969377778711 9.233095080503881 20.840754582009133 0.00945 3.284875 -8.629
99221.37468912761 75.71428571428571 287.65652378124014 287.65652378124014 0.9084583784353086 9.198217290678159 21.195123199582756 0.00945 3.3255714285714286 -8.576
99110.51385268477 85.17857142857142 287.56461253287824 287.56461253287824 0.9128443963112554 9.163694030577034 21.552175655268762 0.00945 3.366267857142857 -8.523
98999.74151650988 94.64285714285712 287.472701296243 287.472701296243 0.9172551480848752 9.129529322157449 21.911914506719913 0.00945 3.4069642857142854 -8.47
98889.05763820792 104.10714285714283 287.38079007134183 287.38079007134183 0.921690791543315 9.095727205717479 22.274341503039594 0.00945 3.447660714285714 -8.417
98778.46217539062 113.57142857142854 287.2888788581824 287.2888788581824 0.9261514855902695 9.062291738634464 22.639457559123432 0.00945 3.4883571428571427 -8.364
98667.95508567651 123.03571428571425 287.19696765677196 287.19696765677196 0.9306373902546446 9.02922699404621 23.0072627299385 0.00945 3.5290535714285713 -8.311
98557.53632669085 132.49999999999997 287.1050564671183 287.1050564671183 0.9351486666992369 8.996537059474607 23.37775618477971 0.00945 3.56975 -8.258000000000001
98447.20585606569 141.9642857142857 287.01314528922865 287.01314528922865 0.9396854772295774 8.96422603539113 23.750936181545104 0.00945 3.6104464285714286 -8.205
98336.96363143981 151.42857142857142 286.9212341231108 286.9212341231108 0.9442479853027356 8.93229803372376 24.126800041073853 0.00945 3.6511428571428572 -8.152000000000001
98226.80961045879 160.89285714285714 286.82932296877215 286.82932296877215 0.9488363555363192 8.90075717630491 24.505344121593158 0.009450000000000002 3.691839285714286 -8.099
98116.74375077496 170.35714285714286 286.7374118262203 286.7374118262203 0.9534507537174409 8.869607593260165 24.886563793321965 0.009450000000000002 3.732535714285714 -8.046
98006.76601004743 179.82142857142858 286.64550069546283 286.64550069546283 0.9580913468118336 8.83885342133754 25.27045341328206 0.009449999999999998 3.773232142857143 -7.993
97896.87634594207 189.2857142857143 286.5535895765072 286.5535895765072 0.9627583029730199 8.808498802177313 25.657006300368547 0.00945 3.8139285714285713 -7.9399999999999995
97787.07471613155 198.75000000000003 286.461678469361 286.461678469361 0.9674517915515376 8.778547880522439 26.046214710734258 0.00945 3.854625 -7.8870000000000005
97677.36107829527 208.21428571428575 286.3697673740319 286.3697673740319 0.9721719831042714 8.749004802369681 26.438069813544328 0.00945 3.8953214285714286 -7.834
97567.73539011943 217.67857142857147 286.2778562905274 286.2778562905274 0.9769190494038591 8.719873713061872 26.83256166715901 0.009450000000000002 3.9360178571428572 -7.781
97458.19760929699 227.1428571428572 286.18594521885507 286.18594521885507 0.9816931634481654 8.691158755321645 27.229679195804845 0.00945 3.976714285714286 -7.728
97348.74769352768 236.60714285714292 286.0940341590226 286.0940341590226 0.9864944994698368 8.662864067227284 27.629410166795687 0.00945 4.017410714285715 -7.675
97239.38560051804 246.07142857142864 286.00212311103746 286.00212311103746 0.9913232329459619 8.634993780131412 28.031741168366892 0.00945 4.058107142857143 -7.622
97130.11128798137 255.53571428571436 285.91021207490735 285.91021207490735 0.9961795406077646 8.607552016523373 28.436657588187447 0.00945 4.098803571428572 -7.568999999999999
97020.92471363774 265.00000000000006 285.8183010506399 285.8183010506399 1.0010636004504285 8.58054288783641 28.84414359261575 0.00945 4.1395 -7.516
96911.825835214 274.4642857142858 285.7263900382428 285.7263900382428 1.005975591742975 8.553970492200762 29.254182106766727 0.00945 4.180196428571429 -7.463
96802.81461044379 283.9285714285715 285.63447903772345 285.63447903772345 1.0109156950382638 8.527838912144132 29.666754795457827 0.00945 4.220892857142857 -7.41
96693.89099706754 293.3928571428572 285.54256804908965 285.54256804908965 1.015884092182993 8.502152212241015 30.081842045103425 0.00945 4.261589285714286 -7.356999999999999
96585.05495283245 302.85714285714295 285.45065707234903 285.45065707234903 1.0208809663278855 8.476914436712626 30.499422946626826 0.009449999999999998 4.3022857142857145 -7.303999999999999
96476.3064354925 312.32142857142867 285.3587461075093 285.3587461075093 1.0259065019378952 8.452129606979298 30.91947527946015 0.009450000000000002 4.342982142857143 -7.2509999999999994
96367.64540280846 321.7857142857144 285.2668351545781 285.2668351545781 1.0309608848025378 8.427801719167462 31.34197549670203 0.00945 4.383678571428572 -7.1979999999999995
96259.07181254789 331.2500000000001 285.17492421356303 285.17492421356303 1.0360443020462728 8.403934741573439 31.76689871150331 0.00945 4.424375 -7.145
96150.58562248514 340.71428571428584 285.08301328447175 285.08301328447175 1.0411569421390137 8.380532612086471 32.19421868475073 0.00945 4.465071428571429 -7.092
96042.18679040135 350.17857142857156 284.991102367312 284.991102367312 1.0462989949066814 8.357599235573678 32.62390781411728 0.00945 4.505767857142858 -7.039
95933.87527408444 359.6428571428573 284.89919146209144 284.89919146209144 1.0514706515419021 8.335138481229661 33.055937124548265 0.00945 4.546464285714286 -6.985999999999999
95825.65103132912 369.107142857143 284.8072805688179 284.8072805688179 1.0566721046147363 8.313154179893827 33.49027626024967 0.009450000000000002 4.587160714285715 -6.932999999999999
95717.51401993692 378.5714285714287 284.71536968749894 284.71536968749894 1.061903548083564 8.291650121338566 33.926893478245 0.00945 4.627857142857144 -6.879999999999999
95609.46419771612 388.03571428571445 284.62345881814235 284.62345881814235 1.0671651773060076 8.270630051531652 34.36575564356443 0.00945 4.668553571428572 -6.826999999999999
95501.50152248182 397.50000000000017 284.5315479607558 284.5315479607558 1.0724571890499803 8.250097669876398 34.80682822612827 0.00945 4.709250000000001 -6.773999999999999
95393.62595205591 406.9642857142859 284.439637115347 284.439637115347 1.0777797815048076 8.230056626433287 35.25007529938445 0.00945 4.7499464285714295 -6.720999999999999
95285.83744426708 416.4285714285716 284.34772628192377 284.34772628192377 1.0831331542924583 8.210510519126924 35.695459540756765 0.00945 4.790642857142858 -6.667999999999999
95178.1359569508 425.89285714285734 284.2558154604938 284.2558154604938 1.0885175084788727 8.191462890942388 36.142942233957946 0.00945 4.831339285714287 -6.614999999999998
95070.52144794939 435.35714285714306 284.16390465106485 284.16390465106485 1.093933046585383 8.172917227115144 36.592483273218065 0.00945 4.872035714285715 -6.561999999999999
94962.9938751119 444.8214285714288 284.0719938536447 284.0719938536447 1.0993799726002205 8.154876952318885 37.044041169475065 0.00945 4.912732142857144 -6.508999999999999
94855.55319629423 454.2857142857145 283.980083068241 283.980083068241 1.1048584919901518 8.137345427855752 37.497573058570595 0.00945 4.953428571428573 -6.4559999999999995
94748.19936935906 463.7500000000002 283.8881722948618 283.8881722948618 1.1103688117121568 8.120325948853592 37.95303471148956 0.00945 4.994125 -6.402999999999999
94640.93235217589 473.21428571428595 283.79626153351455 283.79626153351455 1.1159111402253126 8.103821741474947 38.41038054667746 0.00945 5.03482142857143 -6.349999999999999
94533.752102621 482.6785714285717 283.70435078420735 283.70435078420735 1.1214856875026216 8.087835960142614 38.869563644464826 0.00945 5.075517857142858 -6.296999999999999
94426.6585785775 492.1428571428574 283.6124400469477 283.6124400469477 1.1270926650431259 8.072371684786754 39.33053576362258 0.009449999999999998 5.116214285714287 -6.243999999999998
94319.65173793527 501.6071428571431 283.5205293217436 283.5205293217436 1.1327322858839537 8.057431918118501 39.79324736006688 0.00945 5.156910714285715 -6.190999999999999
94212.73153859105 511.07142857142884 283.4286186086028 283.4286186086028 1.1384047646125908 8.04301958293523 40.257647607726334 0.00945 5.197607142857144 -6.137999999999998
94105.89793844835 520.5357142857146 283.33670790753314 283.33670790753314 1.1441103173791987 8.029137519462555 40.7236844215785 0.00945 5.238303571428572 -6.084999999999999
93999.15089541751 530.0000000000002 283.2447972185424 283.2447972185424 1.1498491619090674 8.015788482738301 41.19130448285641 0.00945 5.279000000000001 -6.031999999999999
93892.49036741565 539.4642857142859 283.1528865416385 283.1528865416385 1.1556215175151292 8.002975140043583 41.66045326641967 0.00945 5.319696428571429 -5.978999999999999
93785.91631236675 548.9285714285716 283.0609758768292 283.0609758768292 1.1614276051106618 7.99070006838626 42.13107507027793 0.00945 5.360392857142857 -5.926
93679.42868820156 558.3928571428572 282.9690652241224 282.9690652241224 1.1672676472220114 7.978965752041905 42.60311304724842 0.00945 5.401089285714286 -5.872999999999999
93573.02745285766 567.8571428571429 282.87715458352596 282.87715458352596 1.1731418680014805 7.967774580157505 43.07650923872163 0.00945 5.4417857142857144 -5.82
93466.71256427944 577.3214285714286 282.78524395504763 282.78524395504763 1.1790504932403267 7.957128844422933 43.55120461050367 0.00945 5.482482142857142 -5.767
93360.48398041814 586.7857142857142 282.69333333869554 282.69333333869554 1.1849937503818206 7.94703073681534 44.027139090695634 0.00945 5.523178571428572 -5.714
93254.34165923177 596.2499999999999 282.60142273447724 282.60142273447724 1.1909718685345239 7.937482347421317 44.50425160956462 0.009449999999999998 5.5638749999999995 -5.661000000000001
93148.28555868518 605.7142857142856 282.5095121424009 282.5095121424009 1.196985078485528 7.928485662341781 44.98248014135338 0.009449999999999998 5.604571428571428 -5.6080000000000005
93042.31563675003 615.1785714285712 282.41760156247426 282.41760156247426 1.2030336127139805 7.9200425616842685 45.461761747969256 0.00945 5.645267857142856 -5.5550000000000015
92936.43185140482 624.6428571428569 282.32569099470527 282.32569099470527 1.2091177054045745 7.912154817647236 45.94203262448664 0.00945 5.6859642857142845 -5.5020000000000024
92830.63416063486 634.1071428571425 282.2337804391019 282.2337804391019 1.215237592461255 7.904824092700821 46.423228146389654 0.00945 5.726660714285712 -5.449000000000002
92724.92252243227 643.5714285714282 282.1418698956719 282.1418698956719 1.221393511521027 7.898051937868307 46.90528291847669 0.00945 5.767357142857142 -5.396000000000003
92619.29689479603 653.0357142857139 282.0499593644234 282.0499593644234 1.227585701967815 7.891839791112348 47.38813082534144 0.00945 5.8080535714285695 -5.343000000000003
92513.75723573191 662.4999999999995 281.9580488453642 281.9580488453642 1.2338144049465547 7.886188975829834 47.87170508333935 0.00945 5.848749999999997 -5.290000000000003
92408.30350325254 671.9642857142852 281.8661383385023 281.8661383385023 1.2400798633773154 7.881100699458976 48.355938293942906 0.00945 5.889446428571427 -5.237000000000004
92302.93565537733 681.4285714285709 281.77422784384567 281.77422784384567 1.2463823219695849 7.876576052202026 48.840762498383846 0.00945 5.9301428571428545 -5.184000000000003
92197.65365013255 690.8928571428565 281.68231736140217 281.68231736140217 1.2527220272366812 7.872616005866734 49.32610923347524 0.00945 5.970839285714283 -5.131000000000004
92092.45744555129 700.3571428571422 281.59040689117984 281.59040689117984 1.2590992275102644 7.869221412829395 49.81190958850198 0.009450000000000002 6.011535714285712 -5.078000000000005
91987.3469996735 709.8214285714279 281.4984964331867 281.4984964331867 1.265514172955004 7.8663930051220525 50.29809426306397 0.00945 6.0522321428571395 -5.025000000000004
91882.32227054592 719.2857142857135 281.4065859874306 281.4065859874306 1.2719671155833652 7.8641313936461295 50.78459362575255 0.00945 6.092928571428568 -4.972000000000005
91777.38321622215 728.7499999999992 281.31467555391964 281.31467555391964 1.2784583092705086 7.862437067514437 51.27133777353722 0.00945 6.133624999999997 -4.919000000000005
91672.52979476261 738.2142857142849 281.2227651326618 281.2227651326618 1.2849880097693365 7.861310393523228 51.75825659173726 0.00945 6.1743214285714245 -4.866000000000005
91567.76196423457 747.6785714285705 281.130854723665 281.130854723665 1.2915564747256743 7.86075161575562 52.24527981445006 0.00945 6.215017857142853 -4.813000000000005
91463.07968271211 757.1428571428562 281.03894432693727 281.03894432693727 1.298163963693563 7.860760855317365 52.73233708530651 0.00945 6.255714285714282 -4.760000000000005
91358.48290827617 766.6071428571419 280.9470339424868 280.9470339424868 1.304810738150694 7.861338110205662 53.21935801842216 0.00945 6.2964107142857095 -4.707000000000005
91253.97159901453 776.0714285714275 280.85512357032144 280.85512357032144 1.3114970615140293 7.862483255311329 53.70627225941249 0.00945 6.337107142857138 -4.654000000000006
91149.54571302181 785.5357142857132 280.76321321044935 280.76321321044935 1.3182231991554398 7.864196042554321 54.1930095463397 0.00945 6.377803571428567 -4.601000000000006
91045.20520839946 794.9999999999989 280.67130286287846 280.67130286287846 1.3249894184176265 7.866476101152281 54.679499770459564 0.00945 6.4184999999999945 -4.548000000000006
90940.84308445534 805.0 289.74259517999275 289.74259517999275 0.7304976736391708 7.869501016582944 55.19318137109532 0.00501030989612539 6.4615 -4.492
90834.66502156749 815.0 291.5322874132187 291.5322874132187 0.6517575494397138 7.8731579591673375 55.70642700443721 0.005010516140015915 6.5045 -4.436
90728.77326896471 825.0 291.9797193108992 291.9797193108992 0.6330347180872131 7.877446048688623 56.21915497483119 0.005010725202305455 6.547499999999999 -4.38
90623.10787370644 835.0 292.26438683465386 292.26438683465386 0.6211716402853572 7.882364255095041 56.73128408287132 0.005010936910917977 6.5905000000000005 -4.324
90517.64004529573 845.0 292.4710545151295 292.4710545151295 0.6125182708183697 7.887911399730602 57.24273370136385 0.005011151299350797 6.6335 -4.268
90412.35225245029 855.0 292.63034686739405 292.63034686739405 0.605777912910628 7.894086156737839 57.753423849932915 0.00501136840152524 6.6765 -4.212
90307.23247682801 865.0 292.7572544961906 292.7572544961906 0.600324403893892 7.900887054628739 58.263275268098866 0.005011588251792009 6.7195 -4.156
90202.27186158083 875.0 292.86037044594536 292.86037044594536 0.5958030609847043 7.9083124780195675 58.772209486667386 0.005011810884936624 6.7625 -4.1
90097.46355176426 885.0 292.9451332224028 292.9451332224028 0.5919918269102948 7.916360669524854 59.280148897274465 0.005012036336184918 6.8055 -4.044
89992.8020499747 895.0 293.01522872979285 293.01522872979285 0.5887417120387347 7.925029731805427 59.78701681994056 0.0050122646412086155 6.8485 -3.9880000000000004
89888.2828269736 905.0 293.07328405371663 293.07328405371663 0.5859475281787674 7.934317629765021 60.292737568495546 0.005012495836130977 6.891500000000001 -3.9320000000000004
89783.90207123986 915.0 293.12124542878325 293.12124542878325 0.5835320482119265 7.944222192889622 60.797236513744764 0.005012729957532513 6.9345 -3.8760000000000003
89679.65651989134 925.0 293.1605995813578 293.1605995813578 0.5814367862512076 7.954741117723442 61.3004401442568 0.005012967042456772 6.9775 -3.8200000000000003
89575.54334003438 935.0 293.1925108843956 293.1925108843956 0.5796163174895692 7.965871970475047 61.802276124661944 0.005013207128416203 7.0205 -3.7640000000000002
89471.56004282083 945.0 293.2179102995079 293.2179102995079 0.5780346149675041 7.977612189747005 62.30267335136173 0.005013450253398087 7.0635 -3.708
89367.70441952892 955.0 293.23755525474166 293.23755525474166 0.5766625963860941 7.989959089382122 62.801562005559134 0.005013696455870555 7.1065 -3.652
89263.97449294724 965.0 293.2520712413698 293.2520712413698 0.5754764285283188 8.002909861419157 63.298873603530225 0.005013945774788664 7.1495 -3.596
89160.36847968007 975.0 293.26198149356884 293.26198149356884 0.5744563233755295 8.016461579150741 63.794541044068474 0.005014198249600572 7.1925 -3.54
89056.88476042874 985.0 293.26772865847164 293.26772865847164 0.5735856632882168 8.030611200276104 64.28849865304304 0.00501445392025377 7.2355 -3.484
88953.52185621602 995.0 293.26969093872157 293.26969093872157 0.5728503523386965 8.045355570141073 64.78068222502388 0.00501471282720141 7.2785 -3.428
88850.27840911738 1005.0 293.26819433138337 293.26819433138337 0.5722383267166399 8.06069142505778 65.27102906193615 0.005014975011408701 7.3215 -3.372
88747.15316646441 1015.0 293.2635220533342 293.2635220533342 0.5717391793373009 8.076615395696392 65.759478008718 0.005015240514359389 7.3645 -3.316
88644.14496775999 1025.0 293.2559219018472 293.2559219018472 0.5713438679424877 8.093124010541294 66.24596948596411 0.005015509378062331 7.4075 -3.26
88541.25273373892 1035.0 293.2456120751357 293.2456120751357 0.5710444852429646 8.11021369940398 66.73044551955022 0.005015781645058126 7.4505 -3.2039999999999997
88438.47545714464 1045.0 293.2327858274247 293.2327858274247 0.5708340758417147 8.127880796985153 67.21284976724066 0.005016057358425864 7.4935 -3.1479999999999997
88335.81219489306 1055.0 293.21761523032825 293.21761523032825 0.570706488901245 8.146121546478422 67.69312754229284 0.0050163365617899225 7.5365 -3.0919999999999996
88233.26206136816 1065.0 293.2002542406798 293.2002542406798 0.5706562584528048 8.164932103208207 68.17122583407968 0.005016619299326885 7.5795 -3.0359999999999996
88130.8242226488 1075.0 293.1808412242314 293.1808412242314 0.5706785053180257 8.184308538294484 68.64709332576139 0.005016905615772526 7.6225 -2.9800000000000004
88028.49789150788 1085.0 293.15950104814004 293.15950104814004 0.5707688561001221 8.204246842337204 69.12068040904536 0.005017195556428884 7.6655 -2.9240000000000004
87926.28232305695 1095.0 293.1363468285677 293.1363468285677 0.5709233757821237 8.224742929113347 69.59193919608026 0.005017489167171437 7.7085 -2.8680000000000003
87824.17681093334 1105.0 293.11148140007595 293.11148140007595 0.5711385112654984 8.245792639279744 70.06082352853947 0.005017786494456353 7.7515 -2.8120000000000003
87722.1806839468 1115.0 293.08499855882985 293.08499855882985 0.5714110437750691 8.267391744075033 70.52728898395385 0.005018087585327851 7.7945 -2.7560000000000002
87620.29330311711 1125.0 293.0569841205474 293.0569841205474 0.5717380485025738 8.289535949014276 70.99129287936145 0.005018392487425634 7.8375 -2.7
87518.51405904634 1135.0 293.0275168256823 293.0275168256823 0.5721168602007717 8.312220897570034 71.45279427234753 0.005018701248992431 7.8805 -2.644
87416.84236957906 1145.0 292.9966691178281 292.9966691178281 0.5725450437006036 8.335442174833917 71.91175395955256 0.005019013918881635 7.9235 -2.588
87315.27767771129 1155.0 292.96450781627914 292.96450781627914 0.5730203685258926 8.359195311152863 72.36813447273192 0.005019330546565024 7.9665 -2.532
87213.81944971562 1165.0 292.931094699732 292.931094699732 0.5735407869377838 8.383475785734698 72.82190007245475 0.0050196511821405925 8.0095 -2.476
87112.4671734546 1175.0 292.8964870149935 292.8964870149935 0.5741044148651026 8.408279030217777 73.27301673953198 0.00501997587634048 8.0525 -2.42
87011.22035685895 1185.0 292.860737922083 292.860737922083 0.574709515275238 8.433600432199762 73.72145216426915 0.005020304680538998 8.095500000000001 -2.364
86910.07852655064 1195.0 292.8238968851348 292.8238968851348 0.5753544836185935 8.459435338720901 74.16717573364001 0.005020637646760754 8.1385 -2.308
86809.0412265937 1205.0 292.78601001691345 292.78601001691345 0.576037835042636 8.485779059697466 74.61015851648031 0.005020974827688888 8.1815 -2.252
86708.10801735791 1215.0 292.74712038345984 292.74712038345984 0.5767581931225478 8.512626871301242 75.05037324680256 0.005021316276673405 8.224499999999999 -2.1959999999999997
86607.27847448272 1225.0 292.7072682743367 292.7072682743367 0.5775142798967929 8.539974019281324 75.48779430533348 0.005021662047739618 8.2675 -2.1399999999999997
86506.5521879305 1235.0 292.66649144307956 292.66649144307956 0.5783049070297215 8.567815722224658 75.92239769937751 0.005022012195596697 8.310500000000001 -2.0839999999999996
86405.92876111927 1245.0 292.6248253217502 292.6248253217502 0.5791289679511116 8.596147174752186 76.35416104110892 0.005022366775646325 8.3535 -2.0279999999999996
86305.40781012684 1255.0 292.5823032129037 292.5823032129037 0.5799854308453983 8.62496355064762 76.78306352439562 0.005022725843991456 8.3965 -1.9720000000000004
86204.98896295884 1265.0 292.5389564617923 292.5389564617923 0.5808733323823754 8.65426000591616 77.20908590025803 0.005023089457445207 8.439499999999999 -1.9160000000000004
86104.6718588743 1275.0 292.49481461122576 292.49481461122576 0.581791772096858 8.684031681770858 77.63221045106413 0.005023457673539833 8.4825 -1.8600000000000003
86004.45614776314 1285.0 292.4499055411619 292.4499055411619 0.5827399073381765 8.714273707544423 78.05242096356098 0.005023830550535838 8.525500000000001 -1.8040000000000012
85904.34148957058 1295.0 292.4042555948208 292.4042555948208 0.5837169487212531 8.744981203524683 78.46970270084397 0.005024208147431194 8.5685 -1.748000000000001
85804.32755376396 1305.0 292.357889692868 292.357889692868 0.584722156020589 8.776149283712076 78.88404237335833 0.005024590523970665 8.6115 -1.692000000000001
85704.41401883816 1315.0 292.31083143701306 292.31083143701306 0.5857548344561574 8.807773058497817 79.29542810903133 0.005024977740655276 8.654499999999999 -1.636000000000001
85604.60057185609 1325.0 292.26310320418935 292.26310320418935 0.5868143313271447 8.839847637261629 79.70384942262692 0.005025369858751872 8.6975 -1.580000000000001
85504.8869080211 1335.0 292.2147262323367 292.2147262323367 0.5879000329550149 8.872368130888168 80.10929718441369 0.005025766940302821 8.7405 -1.524000000000001
85405.27273027855 1345.0 292.16572069867925 292.16572069867925 0.5890113619023299 8.905329654201466 80.51176358823511 0.005026169048135825 8.7835 -1.4680000000000009
85305.75774894409 1355.0 292.11610579127915 292.11610579127915 0.5901477744380107 8.938727328316935 80.91124211906754 0.005026576245873861 8.8265 -1.4120000000000008
85206.34168135632 1365.0 292.065899774558 292.065899774558 0.5913087582231547 8.972556282910684 81.30772752014764 0.005026988597945254 8.8695 -1.3560000000000008
85107.02425155192 1375.0 292.01512004939013 292.01512004939013 0.5924938301947988 9.006811658406097 81.70121575974954 0.005027406169593866 8.9125 -1.3000000000000007
85007.80518996132 1385.0 291.9637832083056 291.9637832083056 0.5937025346276132 9.041488608077767 82.09170399768848 0.005027829026889415 8.9555 -1.2440000000000007
84908.6842331234 1395.0 291.91190508627744 291.91190508627744 0.5949344413558256 9.076582300073083 82.47919055162338 0.005028257236737938 8.9985 -1.1880000000000006
84809.66112341754 1405.0 291.8595008075154 291.8595008075154 0.5961891441397479 9.112087919351962 82.86367486322729 0.00502869086689237 9.0415 -1.1320000000000006
84710.73560881199 1415.0 291.8065848286405 291.8065848286405 0.5974662591630052 9.148000669545231 83.24515746429573 0.00502912998596327 9.0845 -1.0760000000000005
84611.90744262697 1425.0 291.7531709785756 291.7531709785756 0.5987654236480867 9.18431577473249 83.62363994285201 0.00502957466342967 9.127500000000001 -1.0200000000000014
84513.17638331163 1435.0 291.6992724954499 291.6992724954499 0.6000862945792442 9.221028481140268 83.9991249093125 0.005030024969650072 9.1705 -0.9640000000000004
84414.54219423387 1445.0 291.6449020607845 291.6449020607845 0.6014285475228842 9.258134058761517 84.37161596276574 0.005030480975873584 9.2135 -0.9080000000000013
84316.00464348191 1455.0 291.59007183119945 291.59007183119945 0.6027918755366342 9.295627802897444 84.7411176574227 0.005030942754251185 9.256499999999999 -0.8520000000000003
84217.56350367694 1465.0 291.5347934678561 291.5347934678561 0.604175988159256 9.333505035623006 85.10763546928281 0.005031410377847146 9.2995 -0.7959999999999994
84119.21855179602 1475.0 291.479078163828 291.479078163828 0.6055806104743168 9.371761107177242 85.47117576306748 0.005031883920650594 9.342500000000001 -0.7400000000000002
84020.9695690045 1485.0 291.4229366695768 291.4229366695768 0.6070054822411893 9.410391397279925 85.83174575946055 0.005032363457587208 9.3855 -0.6839999999999993
83922.8163404974 1495.0 291.36637931668764 291.36637931668764 0.6084503570877708 9.449391316375886 86.1893535026996 0.00503284906453109 9.4285 -0.6280000000000001
83824.75865534898 1505.0 291.3094160400079 291.3094160400079 0.6099150017596486 9.4887563068086 86.54400782855238 0.005033340818316752 9.471499999999999 -0.5719999999999992

[0K[0Kjulia> [7C[7C[?2004h[0Kjulia> [7C[7C
[?2004l
