    p         z         T         T         rH     qV     WS    WD    qt    u     v
100000.0 0.0 288.3 288.3 1.0233954515334933 0.00945 9.486832980505138 18.43494882292201 0.00945 3.0 -9.0
99999.88211433067 9.464285714285714 288.29990284749 288.29990284749 0.878435778865798 0.009450000000000238 9.449584317351057 18.77066477962514 0.00945 3.0406964285714286 -8.947
99888.40058838403 18.928571428571427 288.2079915172516 288.2079915172516 0.8826529854903978 0.00945 9.412662638172634 19.109026157366994 0.00945 3.0813928571428573 -8.894
99777.00785965969 28.39285714285714 288.1160801986869 288.1160801986869 0.8868938520548509 0.00945 9.376071805824225 19.450040467783595 0.00945 3.122089285714286 -8.841
99665.70388571531 37.857142857142854 288.0241688918042 288.0241688918042 0.8911585287664998 0.00945 9.339815708807631 19.793714588943473 0.00945 3.162785714285714 -8.788
99554.48862411534 47.32142857142857 287.9322575966106 287.9322575966106 0.8954471668907744 0.00945 9.303898260385512 20.14005474105686 0.00945 3.2034821428571427 -8.735
99443.36203243097 56.785714285714285 287.8403463131138 287.8403463131138 0.8997599187592396 0.00945 9.26832339764406 20.48906646190421 0.00945 3.2441785714285714 -8.682
99332.32406824017 66.25 287.7484350413211 287.7484350413211 0.904096937777871 0.00945 9.233095080503881 20.840754582009133 0.00945 3.284875 -8.629
99221.37468912761 75.71428571428571 287.65652378124014 287.65652378124014 0.9084583784353086 0.00945 9.198217290678159 21.195123199582756 0.00945 3.3255714285714286 -8.576
99110.51385268477 85.17857142857142 287.56461253287824 287.56461253287824 0.9128443963112555 0.00945 9.163694030577034 21.552175655268762 0.00945 3.366267857142857 -8.523
98999.74151650988 94.64285714285712 287.472701296243 287.472701296243 0.917255148084875 0.00945 9.129529322157449 21.911914506719913 0.00945 3.4069642857142854 -8.47
98889.05763820792 104.10714285714283 287.38079007134183 287.38079007134183 0.921690791543315 0.00945 9.095727205717479 22.274341503039594 0.00945 3.447660714285714 -8.417
98778.46217539062 113.57142857142854 287.2888788581824 287.2888788581824 0.9261514855902695 0.00945 9.062291738634464 22.639457559123432 0.00945 3.4883571428571427 -8.364
98667.95508567651 123.03571428571425 287.19696765677196 287.19696765677196 0.9306373902546446 0.00945 9.02922699404621 23.0072627299385 0.00945 3.5290535714285713 -8.311
98557.53632669085 132.49999999999997 287.1050564671183 287.1050564671183 0.9351486666992369 0.00945 8.996537059474607 23.37775618477971 0.00945 3.56975 -8.258000000000001
98447.20585606569 141.9642857142857 287.01314528922865 287.01314528922865 0.9396854772295774 0.00945 8.96422603539113 23.750936181545104 0.00945 3.6104464285714286 -8.205
98336.96363143981 151.42857142857142 286.9212341231108 286.9212341231108 0.9442479853027356 0.00945 8.93229803372376 24.126800041073853 0.00945 3.6511428571428572 -8.152000000000001
98226.80961045879 160.89285714285714 286.82932296877215 286.82932296877215 0.9488363555363192 0.00945 8.90075717630491 24.505344121593158 0.00945 3.691839285714286 -8.099
98116.74375077496 170.35714285714286 286.7374118262203 286.7374118262203 0.9534507537174409 0.00945 8.869607593260165 24.886563793321965 0.00945 3.732535714285714 -8.046
98006.76601004743 179.82142857142858 286.64550069546283 286.64550069546283 0.9580913468118336 0.00945 8.83885342133754 25.27045341328206 0.00945 3.773232142857143 -7.993
97896.87634594207 189.2857142857143 286.5535895765072 286.5535895765072 0.9627583029730199 0.00945 8.808498802177313 25.657006300368547 0.00945 3.8139285714285713 -7.9399999999999995
97787.07471613155 198.75000000000003 286.461678469361 286.461678469361 0.9674517915515376 0.00945 8.778547880522439 26.046214710734258 0.00945 3.854625 -7.8870000000000005
97677.36107829527 208.21428571428575 286.3697673740319 286.3697673740319 0.9721719831042712 0.00945 8.749004802369681 26.438069813544328 0.00945 3.8953214285714286 -7.834
97567.73539011943 217.67857142857147 286.2778562905274 286.2778562905274 0.976919049403859 0.00945 8.719873713061872 26.83256166715901 0.00945 3.9360178571428572 -7.781
97458.19760929699 227.1428571428572 286.18594521885507 286.18594521885507 0.9816931634481654 0.00945 8.691158755321645 27.229679195804845 0.00945 3.976714285714286 -7.728
97348.74769352768 236.60714285714292 286.0940341590226 286.0940341590226 0.9864944994698369 0.00945 8.662864067227284 27.629410166795687 0.00945 4.017410714285715 -7.675
97239.38560051804 246.07142857142864 286.00212311103746 286.00212311103746 0.9913232329459621 0.00945 8.634993780131412 28.031741168366892 0.00945 4.058107142857143 -7.622
97130.11128798137 255.53571428571436 285.91021207490735 285.91021207490735 0.9961795406077646 0.00945 8.607552016523373 28.436657588187447 0.00945 4.098803571428572 -7.568999999999999
97020.92821380582 265.00000000000006 285.82815767848604 285.82815767848604 1.0000002088850508 0.009446032480086597 8.58054288783641 28.84414359261575 0.00945 4.1395 -7.516
96911.84892556818 274.4642857142858 285.78160214700216 285.78160214700216 1.0000001065742252 0.009427775278060267 8.553970492200762 29.254182106766727 0.00945 4.180196428571429 -7.463
96802.87333477633 283.9285714285715 285.7350228912631 285.7350228912631 1.000000004040542 0.009409530199285785 8.527838912144132 29.666754795457827 0.00945 4.220892857142857 -7.41
96694.00135267494 293.3928571428572 285.68841895410577 285.68841895410577 1.0000000001674052 0.009391297631528532 8.502152212241015 30.081842045103425 0.00945 4.261589285714286 -7.356999999999999
96585.23289082281 302.85714285714295 285.64179100560136 285.64179100560136 1.0000000180181035 0.009373077307245245 8.476914436712626 30.499422946626826 0.00945 4.3022857142857145 -7.303999999999999
96476.56786100709 312.32142857142867 285.59513947640653 285.59513947640653 1.0000000062890855 0.009354869055249331 8.452129606979298 30.91947527946015 0.00945 4.342982142857143 -7.2509999999999994
96368.00617495162 321.7857142857144 285.54846397371745 285.54846397371745 1.0000000028210203 0.00933667303608251 8.427801719167462 31.34197549670203 0.00945 4.383678571428572 -7.1979999999999995
96259.54774446072 331.2500000000001 285.501764510706 285.501764510706 1.0000000014980954 0.00931848924673425 8.403934741573439 31.76689871150331 0.00945 4.424375 -7.145
96151.19248140382 340.71428571428584 285.45504105707147 285.45504105707147 1.000000000899292 0.00930031770171295 8.380532612086471 32.19421868475073 0.00945 4.465071428571429 -7.092
96042.94029771215 350.17857142857156 285.4082935733048 285.4082935733048 1.0000000005923426 0.00928215841924161 8.357599235573678 32.62390781411728 0.00945 4.505767857142858 -7.039
95934.79110537784 359.6428571428573 285.36152201729124 285.36152201729124 1.000000000419243 0.009264011418597493 8.335138481229661 33.055937124548265 0.00945 4.546464285714286 -6.985999999999999
95826.74481645355 369.107142857143 285.3147263459945 285.3147263459945 1.0000000003139398 0.00924587671943337 8.313154179893827 33.49027626024967 0.00945 4.587160714285715 -6.932999999999999
95718.80134305234 378.5714285714287 285.2679065159787 285.2679065159787 1.0000000002457894 0.009227754341567335 8.291650121338566 33.926893478245 0.00945 4.627857142857144 -6.879999999999999
95610.96059734763 388.03571428571445 285.22106248359495 285.22106248359495 1.0000000001993663 0.009209644304907488 8.270630051531652 34.36575564356443 0.00945 4.668553571428572 -6.826999999999999
95503.22249157306 397.50000000000017 285.1741942050559 285.1741942050559 1.0000000001663583 0.009191546629422022 8.250097669876398 34.80682822612827 0.00945 4.709250000000001 -6.773999999999999
95395.58693802253 406.9642857142859 285.12730163646864 285.12730163646864 1.0000000001420135 0.009173461335125786 8.230056626433287 35.25007529938445 0.00945 4.7499464285714295 -6.720999999999999
95288.05384905012 416.4285714285716 285.0803847338499 285.0803847338499 1.000000000123495 0.009155388442074395 8.210510519126924 35.695459540756765 0.00945 4.790642857142858 -6.667999999999999
95180.62313707003 425.89285714285734 285.0334434531336 285.0334434531336 1.0000000001090352 0.009137327970360867 8.191462890942388 36.142942233957946 0.00945 4.831339285714287 -6.614999999999998
95073.29471455658 435.35714285714306 284.9864777501755 284.9864777501755 1.0000000000974778 0.009119279940114078 8.172917227115144 36.592483273218065 0.00945 4.872035714285715 -6.561999999999999
94966.06849404423 444.8214285714288 284.93948758075476 284.93948758075476 1.000000000088063 0.009101244371497891 8.154876952318885 37.044041169475065 0.00945 4.912732142857144 -6.508999999999999
94858.9443881274 454.2857142857145 284.8924729005759 284.8924729005759 1.0000000000802582 0.009083221284710594 8.137345427855752 37.497573058570595 0.00945 4.953428571428573 -6.4559999999999995
94751.92230946061 463.7500000000002 284.845433665269 284.845433665269 1.0000000000736964 0.009065210699984515 8.120325948853592 37.95303471148956 0.00945 4.994125 -6.402999999999999
94645.00217075832 473.21428571428595 284.7983698303907 284.7983698303907 1.0000000000681053 0.009047212637585948 8.103821741474947 38.41038054667746 0.00945 5.03482142857143 -6.349999999999999
94538.18388479495 482.6785714285717 284.75128135142415 284.75128135142415 1.0000000000632863 0.009029227117814946 8.087835960142614 38.869563644464826 0.00945 5.075517857142858 -6.296999999999999
94431.46736440486 492.1428571428574 284.70416818377936 284.70416818377936 1.000000000059094 0.009011254161005233 8.072371684786754 39.33053576362258 0.00945 5.116214285714287 -6.243999999999998
94324.85252248228 501.6071428571431 284.65703028279336 284.65703028279336 1.0000000000554123 0.008993293787524165 8.057431918118501 39.79324736006688 0.00945 5.156910714285715 -6.190999999999999
94218.33927198133 511.07142857142884 284.6098676037304 284.6098676037304 1.000000000052153 0.008975346017772742 8.04301958293523 40.257647607726334 0.00945 5.197607142857144 -6.137999999999998
94111.92752591592 520.5357142857146 284.5626801017816 284.5626801017816 1.0000000000492533 0.008957410872185443 8.029137519462555 40.7236844215785 0.00945 5.238303571428572 -6.084999999999999
94005.61719735978 530.0000000000002 284.5154677320659 284.5154677320659 1.0000000000466487 0.008939488371230363 8.015788482738301 41.19130448285641 0.00945 5.279000000000001 -6.031999999999999
93899.4081994464 539.4642857142859 284.4682304496289 284.4682304496289 1.0000000000443048 0.008921578535409022 8.002975140043583 41.66045326641967 0.00945 5.319696428571429 -5.978999999999999
93793.30044536902 548.9285714285716 284.4209682094441 284.4209682094441 1.0000000000421772 0.008903681385256481 7.99070006838626 42.13107507027793 0.00945 5.360392857142857 -5.926
93687.29384838056 558.3928571428572 284.37368096641205 284.37368096641205 1.0000000000402411 0.008885796941341248 7.978965752041905 42.60311304724842 0.00945 5.401089285714286 -5.872999999999999
93581.38832179364 567.8571428571429 284.3263686753609 284.3263686753609 1.0000000000384708 0.00886792522426528 7.967774580157505 43.07650923872163 0.00945 5.4417857142857144 -5.82
93475.5837789805 577.3214285714286 284.27903129104635 284.27903129104635 1.000000000036847 0.008850066254664023 7.957128844422933 43.55120461050367 0.00945 5.482482142857142 -5.767
93369.88013337298 586.7857142857142 284.23166876815145 284.23166876815145 1.000000000035351 0.008832220053206287 7.94703073681534 44.027139090695634 0.00945 5.523178571428572 -5.714
93264.27729846253 596.2499999999999 284.1842810612869 284.1842810612869 1.0000000000339686 0.008814386640594326 7.937482347421317 44.50425160956462 0.00945 5.5638749999999995 -5.661000000000001
93158.77518780014 605.7142857142856 284.136868124991 284.136868124991 1.00000000003269 0.008796566037563758 7.928485662341781 44.98248014135338 0.00945 5.604571428571428 -5.6080000000000005
93053.37371499631 615.1785714285712 284.0894299137297 284.0894299137297 1.0000000000314968 0.008778758264883587 7.9200425616842685 45.461761747969256 0.00945 5.645267857142856 -5.5550000000000015
92948.07279372103 624.6428571428569 284.04196638189654 284.04196638189654 1.0000000000303888 0.008760963343356201 7.912154817647236 45.94203262448664 0.00945 5.6859642857142845 -5.5020000000000024
92842.87233770375 634.1071428571425 283.9944774838129 283.9944774838129 1.0000000000293536 0.008743181293817289 7.904824092700821 46.423228146389654 0.00945 5.726660714285712 -5.449000000000002
92737.77226073334 643.5714285714282 283.94696317372774 283.94696317372774 1.000000000028386 0.008725412137135867 7.898051937868307 46.90528291847669 0.00945 5.767357142857142 -5.396000000000003
92632.77247665808 653.0357142857139 283.8994234058181 283.8994234058181 1.000000000027477 0.008707655894214296 7.891839791112348 47.38813082534144 0.00945 5.8080535714285695 -5.343000000000003
92527.8728993856 662.4999999999995 283.85185813418855 283.85185813418855 1.0000000000266225 0.008689912585988148 7.886188975829834 47.87170508333935 0.00945 5.848749999999997 -5.290000000000003
92423.07344288289 671.9642857142852 283.80426731287184 283.80426731287184 1.000000000025816 0.008672182233426345 7.881100699458976 48.355938293942906 0.00945 5.889446428571427 -5.237000000000004
92318.3740211762 681.4285714285709 283.75665089582844 283.75665089582844 1.000000000025058 0.008654464857530998 7.876576052202026 48.840762498383846 0.00945 5.9301428571428545 -5.184000000000003
92213.77454835112 690.8928571428565 283.70900883694696 283.70900883694696 1.0000000000243405 0.008636760479337471 7.872616005866734 49.32610923347524 0.00945 5.970839285714283 -5.131000000000004
92109.27493855242 700.3571428571422 283.66134109004395 283.66134109004395 1.000000000023664 0.008619069119914306 7.869221412829395 49.81190958850198 0.00945 6.011535714285712 -5.078000000000005
92004.87510598412 709.8214285714279 283.6136476088641 283.6136476088641 1.000000000023021 0.008601390800363205 7.8663930051220525 50.29809426306397 0.00945 6.0522321428571395 -5.025000000000004
91900.57496490939 719.2857142857135 283.5659283470803 283.5659283470803 1.0000000000224103 0.008583725541819102 7.8641313936461295 50.78459362575255 0.00945 6.092928571428568 -4.972000000000005
91796.3744296506 728.7499999999992 283.51818325829345 283.51818325829345 1.0000000000218319 0.008566073365449973 7.862437067514437 51.27133777353722 0.00945 6.133624999999997 -4.919000000000005
91692.27341458922 738.2142857142849 283.470412296033 283.470412296033 1.0000000000212808 0.008548434292456946 7.861310393523228 51.75825659173726 0.00945 6.1743214285714245 -4.866000000000005
91588.2718341658 747.6785714285705 283.4226154137565 283.4226154137565 1.0000000000207558 0.008530808344074253 7.86075161575562 52.24527981445006 0.00945 6.215017857142853 -4.813000000000005
91484.36960287999 757.1428571428562 283.3747925648499 283.3747925648499 1.000000000020258 0.008513195541569103 7.860760855317365 52.73233708530651 0.00945 6.255714285714282 -4.760000000000005
91380.56663529045 766.6071428571419 283.3269437026278 283.3269437026278 1.0000000000197797 0.00849559590624181 7.861338110205662 53.21935801842216 0.00945 6.2964107142857095 -4.707000000000005
91276.86284601485 776.0714285714275 283.279068780333 283.279068780333 1.0000000000193252 0.008478009459425635 7.862483255311329 53.70627225941249 0.00945 6.337107142857138 -4.654000000000006
91173.25814972981 785.5357142857132 283.2311677511371 283.2311677511371 1.0000000000188862 0.008460436222486796 7.864196042554321 54.1930095463397 0.00945 6.377803571428567 -4.601000000000006
91069.75246117094 794.9999999999989 283.18324056814026 283.18324056814026 1.0000000000184708 0.00844287621682454 7.866476101152281 54.679499770459564 0.00945 6.4184999999999945 -4.548000000000006
90966.2387150026 805.0 289.76572207099196 289.76572207099196 0.38684327480413183 0.00501030989612539 7.869501016582944 55.19318137109532 0.00501030989612539 6.4615 -4.492
90860.03947104394 815.0 291.5555649241285 291.5555649241285 0.34516345290139056 0.005010516140015915 7.8731579591673375 55.70642700443721 0.005010516140015915 6.5045 -4.436
90754.1265874432 825.0 292.0030403187072 292.0030403187072 0.33526282994679796 0.005010725202305455 7.877446048688623 56.21915497483119 0.005010725202305455 6.547499999999999 -4.38
90648.44009933462 835.0 292.28773835354696 292.28773835354696 0.32899434511614406 0.005010936910917976 7.882364255095041 56.73128408287132 0.005010936910917977 6.5905000000000005 -4.324
90542.95121050492 845.0 292.494430323193 292.494430323193 0.32442537901624097 0.005011151299350798 7.887911399730602 57.24273370136385 0.005011151299350797 6.6335 -4.268
90437.64238619762 855.0 292.65374318623105 292.65374318623105 0.3208693800493249 0.00501136840152524 7.894086156737839 57.753423849932915 0.00501136840152524 6.6765 -4.212
90332.50160569373 865.0 292.78066874340874 292.78066874340874 0.3179948290295761 0.005011588251792009 7.900887054628739 58.263275268098866 0.005011588251792009 6.7195 -4.156
90227.5200103973 875.0 292.8838007246865 292.8838007246865 0.3156139466338234 0.005011810884936624 7.9083124780195675 58.772209486667386 0.005011810884936624 6.7625 -4.1
90122.69074401405 885.0 292.9685780696513 292.9685780696513 0.31360917332907073 0.0050120363361849185 7.916360669524854 59.280148897274465 0.005012036336184918 6.8055 -4.044
90018.00830806037 895.0 293.03868697654576 293.03868697654576 0.3119016353134083 0.0050122646412086155 7.925029731805427 59.78701681994056 0.0050122646412086155 6.8485 -3.9880000000000004
89913.46817241002 905.0 293.09675474051056 293.09675474051056 0.31043564915877864 0.005012495836130977 7.934317629765021 60.292737568495546 0.005012495836130977 6.891500000000001 -3.9320000000000004
89809.06652479681 915.0 293.14472775137887 293.14472775137887 0.3091703350323769 0.005012729957532513 7.944222192889622 60.797236513744764 0.005012729957532513 6.9345 -3.8760000000000003
89704.80010170232 925.0 293.18409285408285 293.18409285408285 0.3080747352548284 0.005012967042456773 7.954741117723442 61.3004401442568 0.005012967042456772 6.9775 -3.8200000000000003
89600.66606968192 935.0 293.21601451443075 293.21601451443075 0.30712480698166417 0.005013207128416203 7.965871970475047 61.802276124661944 0.005013207128416203 7.0205 -3.7640000000000002
89496.66193940474 945.0 293.2414237682688 293.2414237682688 0.3063014827520039 0.005013450253398088 7.977612189747005 62.30267335136173 0.005013450253398087 7.0635 -3.708
89392.7855017218 955.0 293.26107810403704 293.26107810403704 0.3055893716954022 0.005013696455870555 7.989959089382122 62.801562005559134 0.005013696455870555 7.1065 -3.652
89289.0347790403 965.0 293.27560306287813 293.27560306287813 0.3049758618503517 0.0050139457747886635 8.002909861419157 63.298873603530225 0.005013945774788664 7.1495 -3.596
89185.40798762155 975.0 293.2855219206831 293.2855219206831 0.30445048280579556 0.005014198249600571 8.016461579150741 63.794541044068474 0.005014198249600572 7.1925 -3.54
89081.90350785638 985.0 293.2912773598717 293.2912773598717 0.3040044425608036 0.005014453920253769 8.030611200276104 64.28849865304304 0.00501445392025377 7.2355 -3.484
88978.51986048474 995.0 293.29324761323517 293.29324761323517 0.3036302841159098 0.00501471282720141 8.045355570141073 64.78068222502388 0.00501471282720141 7.2785 -3.428
88875.25568732333 1005.0 293.29175870382267 293.29175870382267 0.3033216262817014 0.005014975011408701 8.06069142505778 65.27102906193615 0.005014975011408701 7.3215 -3.372
88772.10973546567 1015.0 293.2870938710847 293.2870938710847 0.3030729649486964 0.005015240514359389 8.076615395696392 65.759478008718 0.005015240514359389 7.3645 -3.316
88669.08084419483 1025.0 293.2795009320431 293.2795009320431 0.30287951855968054 0.00501550937806233 8.093124010541294 66.24596948596411 0.005015509378062331 7.4075 -3.26
88566.16793404182 1035.0 293.26919810229975 293.26919810229975 0.3027371064274976 0.005015781645058125 8.11021369940398 66.73044551955022 0.005015781645058126 7.4505 -3.2039999999999997
88463.36999756048 1045.0 293.2563786514797 293.2563786514797 0.30264205181899506 0.005016057358425864 8.127880796985153 67.21284976724066 0.005016057358425864 7.4935 -3.1479999999999997
88360.68609148983 1055.0 293.24121466490755 293.24121466490755 0.30259110396198974 0.0050163365617899225 8.146121546478422 67.69312754229284 0.0050163365617899225 7.5365 -3.0919999999999996
88258.11533004821 1065.0 293.22386011168373 293.22386011168373 0.30258137468582297 0.005016619299326884 8.164932103208207 68.17122583407968 0.005016619299326885 7.5795 -3.0359999999999996
88155.65687915907 1075.0 293.2044533685839 293.2044533685839 0.3026102865034435 0.005016905615772527 8.184308538294484 68.64709332576139 0.005016905615772526 7.6225 -2.9800000000000004
88053.30995144912 1085.0 293.18311931271285 293.18311931271285 0.3026755297299396 0.005017195556428884 8.204246842337204 69.12068040904536 0.005017195556428884 7.6655 -2.9240000000000004
87951.07380189198 1095.0 293.1599710692431 293.1599710692431 0.30277502680448587 0.005017489167171437 8.224742929113347 69.59193919608026 0.005017489167171437 7.7085 -2.8680000000000003
87848.94772399469 1105.0 293.1351114809277 293.1351114809277 0.30290690240391904 0.005017786494456353 8.245792639279744 70.06082352853947 0.005017786494456353 7.7515 -2.8120000000000003
87746.93104644361 1115.0 293.1086343514027 293.1086343514027 0.3030694582499729 0.005018087585327851 8.267391744075033 70.52728898395385 0.005018087585327851 7.7945 -2.7560000000000002
87645.02313014145 1125.0 293.08062550322063 293.08062550322063 0.30326115174847995 0.005018392487425634 8.289535949014276 70.99129287936145 0.005018392487425634 7.8375 -2.7
87543.22336557902 1135.0 293.0511636831062 293.0511636831062 0.30348057777861276 0.00501870124899243 8.312220897570034 71.45279427234753 0.005018701248992431 7.8805 -2.644
87441.53117049497 1145.0 293.02032134042184 293.02032134042184 0.3037264530882636 0.005019013918881635 8.335442174833917 71.91175395955256 0.005019013918881635 7.9235 -2.588
87339.94598778436 1155.0 292.9881652997825 292.9881652997825 0.30399760285851746 0.005019330546565025 8.359195311152863 72.36813447273192 0.005019330546565024 7.9665 -2.532
87238.46728362338 1165.0 292.95475734480397 292.95475734480397 0.3042929490837004 0.005019651182140592 8.383475785734698 72.82190007245475 0.0050196511821405925 8.0095 -2.476
87137.09454578238 1175.0 292.92015472685097 292.92015472685097 0.3046115004791432 0.0050199758763404805 8.408279030217777 73.27301673953198 0.00501997587634048 8.0525 -2.42
87035.82728210386 1185.0 292.88441061017494 292.88441061017494 0.30495234368085045 0.005020304680538998 8.433600432199762 73.72145216426915 0.005020304680538998 8.095500000000001 -2.364
86934.66501912518 1195.0 292.8475744628482 292.8475744628482 0.3053146355428264 0.005020637646760755 8.459435338720901 74.16717573364001 0.005020637646760754 8.1385 -2.308
86833.6073008292 1205.0 292.80969240130565 292.80969240130565 0.3056975963711713 0.005020974827688887 8.485779059697466 74.61015851648031 0.005020974827688888 8.1815 -2.252
86732.65368750771 1215.0 292.77080749501624 292.77080749501624 0.30610050396097815 0.005021316276673405 8.512626871301242 75.05037324680256 0.005021316276673405 8.224499999999999 -2.1959999999999997
86631.80375472519 1225.0 292.7309600367494 292.7309600367494 0.3065226883240103 0.005021662047739618 8.539974019281324 75.48779430533348 0.005021662047739618 8.2675 -2.1399999999999997
86531.05709237178 1235.0 292.69018778304553 292.69018778304553 0.30696352701298274 0.005022012195596698 8.567815722224658 75.92239769937751 0.005022012195596698 8.310500000000001 -2.0839999999999996
86430.41330379593 1245.0 292.648526168786 292.648526168786 0.3074224409629956 0.005022366775646325 8.596147174752186 76.35416104110892 0.005022366775646325 8.3535 -2.0279999999999996
86329.87200500835 1255.0 292.6060084991757 292.6060084991757 0.30789889078275895 0.005022725843991456 8.62496355064762 76.78306352439562 0.005022725843991456 8.3965 -1.9720000000000004
86229.4328239499 1265.0 292.56266612196146 292.56266612196146 0.30839237343830617 0.005023089457445207 8.65426000591616 77.20908590025803 0.005023089457445207 8.439499999999999 -1.9160000000000004
86129.09539981702 1275.0 292.5185285823034 292.5185285823034 0.3089024192802905 0.005023457673539832 8.684031681770858 77.63221045106413 0.005023457673539833 8.4825 -1.8600000000000003
86028.85938243911 1285.0 292.47362376237777 292.47362376237777 0.309428589372885 0.005023830550535838 8.714273707544423 78.05242096356098 0.005023830550535838 8.525500000000001 -1.8040000000000012
85928.72443170285 1295.0 292.4279780075 292.4279780075 0.30997047308825537 0.005024208147431194 8.744981203524683 78.46970270084397 0.005024208147431194 8.5685 -1.748000000000001
85828.69021701888 1305.0 292.38161624031824 292.38161624031824 0.31052768593545577 0.005024590523970665 8.776149283712076 78.88404237335833 0.005024590523970665 8.6115 -1.692000000000001
85728.75641682713 1315.0 292.3345620644194 292.3345620644194 0.311099867596843 0.005024977740655276 8.807773058497817 79.29542810903133 0.005024977740655276 8.654499999999999 -1.636000000000001
85628.92271813724 1325.0 292.2868378585166 292.2868378585166 0.3116866801486143 0.005025369858751873 8.839847637261629 79.70384942262692 0.005025369858751872 8.6975 -1.580000000000001
85529.18881610084 1335.0 292.2384648622392 292.2384648622392 0.31228780644510534 0.005025766940302822 8.872368130888168 80.10929718441369 0.005025766940302821 8.7405 -1.524000000000001
85429.55441361312 1345.0 292.18946325441556 292.18946325441556 0.3129029486491157 0.005026169048135824 8.905329654201466 80.51176358823511 0.005026169048135824 8.7835 -1.4680000000000009
85330.01922094096 1355.0 292.1398522246338 292.1398522246338 0.3135318268926659 0.00502657624587386 8.938727328316935 80.91124211906754 0.005026576245873861 8.8265 -1.4120000000000008
85230.58295537556 1365.0 292.0896500387681 292.0896500387681 0.3141741780545532 0.0050269885979452545 8.972556282910684 81.30772752014764 0.0050269885979452545 8.8695 -1.3560000000000008
85131.2453409075 1375.0 292.0388740990762 292.0388740990762 0.3148297546427369 0.005027406169593865 9.006811658406097 81.70121575974954 0.005027406169593866 8.9125 -1.3000000000000007
85032.00610792234 1385.0 291.9875409994075 291.9875409994075 0.3154983237708961 0.005027829026889415 9.041488608077767 82.09170399768848 0.005027829026889415 8.9555 -1.2440000000000007
84932.86499291527 1395.0 291.9356665759939 291.9356665759939 0.3161796662198763 0.005028257236737939 9.076582300073083 82.47919055162338 0.005028257236737938 8.9985 -1.1880000000000006
84833.82173822317 1405.0 291.88326595424735 291.88326595424735 0.3168735755756923 0.005028690866892371 9.112087919351962 82.86367486322729 0.00502869086689237 9.0415 -1.1320000000000006
84734.87609177276 1415.0 291.8303535919384 291.8303535919384 0.3175798574367467 0.0050291299859632705 9.148000669545231 83.24515746429573 0.0050291299859632705 9.0845 -1.0760000000000005
84636.02780684385 1425.0 291.77694331908873 291.77694331908873 0.31829832868374747 0.005029574663429669 9.18431577473249 83.62363994285201 0.00502957466342967 9.127500000000001 -1.0200000000000014
84537.27664184615 1435.0 291.72304837487985 291.72304837487985 0.31902881680644385 0.005030024969650071 9.221028481140268 83.9991249093125 0.005030024969650072 9.1705 -0.9640000000000004
84438.62236010908 1445.0 291.6686814418408 291.6686814418408 0.31977115928203664 0.005030480975873584 9.258134058761517 84.37161596276574 0.005030480975873584 9.2135 -0.9080000000000013
84340.06472968325 1455.0 291.61385467755775 291.61385467755775 0.3205252030005639 0.005030942754251183 9.295627802897444 84.7411176574227 0.005030942754251184 9.256499999999999 -0.8520000000000003
84241.60352315314 1465.0 291.5585797441185 291.5585797441185 0.3212908037331162 0.005031410377847145 9.333505035623006 85.10763546928281 0.005031410377847146 9.2995 -0.7959999999999994
84143.23851745996 1475.0 291.5028678354862 291.5028678354862 0.32206782563913317 0.005031883920650594 9.371761107177242 85.47117576306748 0.005031883920650594 9.342500000000001 -0.7400000000000002
84044.96949373401 1485.0 291.44672970297677 291.44672970297677 0.3228561408093999 0.005032363457587209 9.410391397279925 85.83174575946055 0.005032363457587209 9.3855 -0.6839999999999993
83946.79623713599 1495.0 291.39017567899583 291.39017567899583 0.3236556288417515 0.00503284906453109 9.449391316375886 86.1893535026996 0.00503284906453109 9.4285 -0.6280000000000001
83848.71853670664 1505.0 291.3332156991803 291.3332156991803 0.3244661764466852 0.005033340818316752 9.4887563068086 86.54400782855238 0.005033340818316752 9.471499999999999 -0.5719999999999992

[0K[0Kjulia> [7C[7C[?2004h[0Kjulia> [7C[7C
