434
1 180 90
2 0 82.197
3 90 82.197
4 180 82.197
5 270 82.197
6 0 74.3575
7 45 74.3575
8 90 74.3575
9 135 74.3575
10 180 74.3575
11 225 74.3575
12 270 74.3575
13 315 74.3575
14 0 66.4435
15 30 66.4435
16 60 66.4435
17 90 66.4435
18 120 66.4435
19 150 66.4435
20 180 66.4435
21 210 66.4435
22 240 66.4435
23 270 66.4435
24 300 66.4435
25 330 66.4435
26 0 58.4137
27 22.5 58.4137
28 45 58.4137
29 67.5 58.4137
30 90 58.4137
31 112.5 58.4137
32 135 58.4137
33 157.5 58.4137
34 180 58.4137
35 202.5 58.4137
36 225 58.4137
37 247.5 58.4137
38 270 58.4137
39 292.5 58.4137
40 315 58.4137
41 337.5 58.4137
42 0 50.221
43 18 50.221
44 36 50.221
45 54 50.221
46 72 50.221
47 90 50.221
48 108 50.221
49 126 50.221
50 144 50.221
51 162 50.221
52 180 50.221
53 198 50.221
54 216 50.221
55 234 50.221
56 252 50.221
57 270 50.221
58 288 50.221
59 306 50.221
60 324 50.221
61 342 50.221
62 0 41.8103
63 15 41.8103
64 30 41.8103
65 45 41.8103
66 60 41.8103
67 75 41.8103
68 90 41.8103
69 105 41.8103
70 120 41.8103
71 135 41.8103
72 150 41.8103
73 165 41.8103
74 180 41.8103
75 195 41.8103
76 210 41.8103
77 225 41.8103
78 240 41.8103
79 255 41.8103
80 270 41.8103
81 285 41.8103
82 300 41.8103
83 315 41.8103
84 330 41.8103
85 345 41.8103
86 -7.5 33.749
87 7.5 33.749
88 22.5 33.749
89 37.5 33.749
90 52.5 33.749
91 67.5 33.749
92 82.5 33.749
93 97.5 33.749
94 112.5 33.749
95 127.5 33.749
96 142.5 33.749
97 157.5 33.749
98 172.5 33.749
99 187.5 33.749
100 202.5 33.749
101 217.5 33.749
102 232.5 33.749
103 247.5 33.749
104 262.5 33.749
105 277.5 33.749
106 292.5 33.749
107 307.5 33.749
108 322.5 33.749
109 337.5 33.749
110 0 26.3878
111 15 26.3878
112 30 26.3878
113 45 26.3878
114 60 26.3878
115 75 26.3878
116 90 26.3878
117 105 26.3878
118 120 26.3878
119 135 26.3878
120 150 26.3878
121 165 26.3878
122 180 26.3878
123 195 26.3878
124 210 26.3878
125 225 26.3878
126 240 26.3878
127 255 26.3878
128 270 26.3878
129 285 26.3878
130 300 26.3878
131 315 26.3878
132 330 26.3878
133 345 26.3878
134 -7.5 19.4712
135 7.5 19.4712
136 22.5 19.4712
137 37.5 19.4712
138 52.5 19.4712
139 67.5 19.4712
140 82.5 19.4712
141 97.5 19.4712
142 112.5 19.4712
143 127.5 19.4712
144 142.5 19.4712
145 157.5 19.4712
146 172.5 19.4712
147 187.5 19.4712
148 202.5 19.4712
149 217.5 19.4712
150 232.5 19.4712
151 247.5 19.4712
152 262.5 19.4712
153 277.5 19.4712
154 292.5 19.4712
155 307.5 19.4712
156 322.5 19.4712
157 337.5 19.4712
158 0 12.8396
159 15 12.8396
160 30 12.8396
161 45 12.8396
162 60 12.8396
163 75 12.8396
164 90 12.8396
165 105 12.8396
166 120 12.8396
167 135 12.8396
168 150 12.8396
169 165 12.8396
170 180 12.8396
171 195 12.8396
172 210 12.8396
173 225 12.8396
174 240 12.8396
175 255 12.8396
176 270 12.8396
177 285 12.8396
178 300 12.8396
179 315 12.8396
180 330 12.8396
181 345 12.8396
182 -7.5 6.37937
183 7.5 6.37937
184 22.5 6.37937
185 37.5 6.37937
186 52.5 6.37937
187 67.5 6.37937
188 82.5 6.37937
189 97.5 6.37937
190 112.5 6.37937
191 127.5 6.37937
192 142.5 6.37937
193 157.5 6.37937
194 172.5 6.37937
195 187.5 6.37937
196 202.5 6.37937
197 217.5 6.37937
198 232.5 6.37937
199 247.5 6.37937
200 262.5 6.37937
201 277.5 6.37937
202 292.5 6.37937
203 307.5 6.37937
204 322.5 6.37937
205 337.5 6.37937
206 0 0
207 15 0
208 30 0
209 45 0
210 60 0
211 75 0
212 90 0
213 105 0
214 120 0
215 135 0
216 150 0
217 165 0
218 180 0
219 195 0
220 210 0
221 225 0
222 240 0
223 255 0
224 270 0
225 285 0
226 300 0
227 315 0
228 330 0
229 345 0
230 -7.5 -6.37937
231 7.5 -6.37937
232 22.5 -6.37937
233 37.5 -6.37937
234 52.5 -6.37937
235 67.5 -6.37937
236 82.5 -6.37937
237 97.5 -6.37937
238 112.5 -6.37937
239 127.5 -6.37937
240 142.5 -6.37937
241 157.5 -6.37937
242 172.5 -6.37937
243 187.5 -6.37937
244 202.5 -6.37937
245 217.5 -6.37937
246 232.5 -6.37937
247 247.5 -6.37937
248 262.5 -6.37937
249 277.5 -6.37937
250 292.5 -6.37937
251 307.5 -6.37937
252 322.5 -6.37937
253 337.5 -6.37937
254 0 -12.8396
255 15 -12.8396
256 30 -12.8396
257 45 -12.8396
258 60 -12.8396
259 75 -12.8396
260 90 -12.8396
261 105 -12.8396
262 120 -12.8396
263 135 -12.8396
264 150 -12.8396
265 165 -12.8396
266 180 -12.8396
267 195 -12.8396
268 210 -12.8396
269 225 -12.8396
270 240 -12.8396
271 255 -12.8396
272 270 -12.8396
273 285 -12.8396
274 300 -12.8396
275 315 -12.8396
276 330 -12.8396
277 345 -12.8396
278 -7.5 -19.4712
279 7.5 -19.4712
280 22.5 -19.4712
281 37.5 -19.4712
282 52.5 -19.4712
283 67.5 -19.4712
284 82.5 -19.4712
285 97.5 -19.4712
286 112.5 -19.4712
287 127.5 -19.4712
288 142.5 -19.4712
289 157.5 -19.4712
290 172.5 -19.4712
291 187.5 -19.4712
292 202.5 -19.4712
293 217.5 -19.4712
294 232.5 -19.4712
295 247.5 -19.4712
296 262.5 -19.4712
297 277.5 -19.4712
298 292.5 -19.4712
299 307.5 -19.4712
300 322.5 -19.4712
301 337.5 -19.4712
302 0 -26.3878
303 15 -26.3878
304 30 -26.3878
305 45 -26.3878
306 60 -26.3878
307 75 -26.3878
308 90 -26.3878
309 105 -26.3878
310 120 -26.3878
311 135 -26.3878
312 150 -26.3878
313 165 -26.3878
314 180 -26.3878
315 195 -26.3878
316 210 -26.3878
317 225 -26.3878
318 240 -26.3878
319 255 -26.3878
320 270 -26.3878
321 285 -26.3878
322 300 -26.3878
323 315 -26.3878
324 330 -26.3878
325 345 -26.3878
326 -7.5 -33.749
327 7.5 -33.749
328 22.5 -33.749
329 37.5 -33.749
330 52.5 -33.749
331 67.5 -33.749
332 82.5 -33.749
333 97.5 -33.749
334 112.5 -33.749
335 127.5 -33.749
336 142.5 -33.749
337 157.5 -33.749
338 172.5 -33.749
339 187.5 -33.749
340 202.5 -33.749
341 217.5 -33.749
342 232.5 -33.749
343 247.5 -33.749
344 262.5 -33.749
345 277.5 -33.749
346 292.5 -33.749
347 307.5 -33.749
348 322.5 -33.749
349 337.5 -33.749
350 0 -41.8103
351 15 -41.8103
352 30 -41.8103
353 45 -41.8103
354 60 -41.8103
355 75 -41.8103
356 90 -41.8103
357 105 -41.8103
358 120 -41.8103
359 135 -41.8103
360 150 -41.8103
361 165 -41.8103
362 180 -41.8103
363 195 -41.8103
364 210 -41.8103
365 225 -41.8103
366 240 -41.8103
367 255 -41.8103
368 270 -41.8103
369 285 -41.8103
370 300 -41.8103
371 315 -41.8103
372 330 -41.8103
373 345 -41.8103
374 0 -50.221
375 18 -50.221
376 36 -50.221
377 54 -50.221
378 72 -50.221
379 90 -50.221
380 108 -50.221
381 126 -50.221
382 144 -50.221
383 162 -50.221
384 180 -50.221
385 198 -50.221
386 216 -50.221
387 234 -50.221
388 252 -50.221
389 270 -50.221
390 288 -50.221
391 306 -50.221
392 324 -50.221
393 342 -50.221
394 0 -58.4137
395 22.5 -58.4137
396 45 -58.4137
397 67.5 -58.4137
398 90 -58.4137
399 112.5 -58.4137
400 135 -58.4137
401 157.5 -58.4137
402 180 -58.4137
403 202.5 -58.4137
404 225 -58.4137
405 247.5 -58.4137
406 270 -58.4137
407 292.5 -58.4137
408 315 -58.4137
409 337.5 -58.4137
410 0 -66.4435
411 30 -66.4435
412 60 -66.4435
413 90 -66.4435
414 120 -66.4435
415 150 -66.4435
416 180 -66.4435
417 210 -66.4435
418 240 -66.4435
419 270 -66.4435
420 300 -66.4435
421 330 -66.4435
422 0 -74.3575
423 45 -74.3575
424 90 -74.3575
425 135 -74.3575
426 180 -74.3575
427 225 -74.3575
428 270 -74.3575
429 315 -74.3575
430 0 -82.197
431 90 -82.197
432 180 -82.197
433 270 -82.197
434 180 -90
864
1  2  7
2  3  7
3  1  3
4  1  2
5  3  9
6  4  9
7  1  4
8  4  11
9  5  11
10  1  5
11  5  13
12  2  13
13  6  15
14  7  15
15  2  6
16  7  16
17  8  16
18  3  8
19  8  18
20  9  18
21  9  19
22  10  19
23  4  10
24  10  21
25  11  21
26  11  22
27  12  22
28  5  12
29  12  24
30  13  24
31  13  25
32  6  25
33  14  27
34  15  27
35  6  14
36  15  28
37  16  28
38  16  29
39  17  29
40  8  17
41  17  31
42  18  31
43  18  32
44  19  32
45  19  33
46  20  33
47  10  20
48  20  35
49  21  35
50  21  36
51  22  36
52  22  37
53  23  37
54  12  23
55  23  39
56  24  39
57  24  40
58  25  40
59  25  41
60  14  41
61  26  43
62  27  43
63  14  26
64  27  44
65  28  44
66  28  45
67  29  45
68  29  46
69  30  46
70  17  30
71  30  48
72  31  48
73  31  49
74  32  49
75  32  50
76  33  50
77  33  51
78  34  51
79  20  34
80  34  53
81  35  53
82  35  54
83  36  54
84  36  55
85  37  55
86  37  56
87  38  56
88  23  38
89  38  58
90  39  58
91  39  59
92  40  59
93  40  60
94  41  60
95  41  61
96  26  61
97  42  63
98  43  63
99  26  42
100  43  64
101  44  64
102  44  65
103  45  65
104  45  66
105  46  66
106  46  67
107  47  67
108  30  47
109  47  69
110  48  69
111  48  70
112  49  70
113  49  71
114  50  71
115  50  72
116  51  72
117  51  73
118  52  73
119  34  52
120  52  75
121  53  75
122  53  76
123  54  76
124  54  77
125  55  77
126  55  78
127  56  78
128  56  79
129  57  79
130  38  57
131  57  81
132  58  81
133  58  82
134  59  82
135  59  83
136  60  83
137  60  84
138  61  84
139  61  85
140  42  85
141  62  87
142  63  87
143  42  62
144  63  88
145  64  88
146  64  89
147  65  89
148  65  90
149  66  90
150  66  91
151  67  91
152  67  92
153  68  92
154  47  68
155  68  93
156  69  93
157  69  94
158  70  94
159  70  95
160  71  95
161  71  96
162  72  96
163  72  97
164  73  97
165  73  98
166  74  98
167  52  74
168  74  99
169  75  99
170  75  100
171  76  100
172  76  101
173  77  101
174  77  102
175  78  102
176  78  103
177  79  103
178  79  104
179  80  104
180  57  80
181  80  105
182  81  105
183  81  106
184  82  106
185  82  107
186  83  107
187  83  108
188  84  108
189  84  109
190  85  109
191  85  86
192  86  110
193  87  110
194  62  86
195  87  111
196  88  111
197  88  112
198  89  112
199  89  113
200  90  113
201  90  114
202  91  114
203  91  115
204  92  115
205  92  116
206  93  116
207  93  117
208  94  117
209  94  118
210  95  118
211  95  119
212  96  119
213  96  120
214  97  120
215  97  121
216  98  121
217  98  122
218  99  122
219  99  123
220  100  123
221  100  124
222  101  124
223  101  125
224  102  125
225  102  126
226  103  126
227  103  127
228  104  127
229  104  128
230  105  128
231  105  129
232  106  129
233  106  130
234  107  130
235  107  131
236  108  131
237  108  132
238  109  132
239  109  133
240  86  133
241  110  135
242  111  135
243  111  136
244  112  136
245  112  137
246  113  137
247  113  138
248  114  138
249  114  139
250  115  139
251  115  140
252  116  140
253  116  141
254  117  141
255  117  142
256  118  142
257  118  143
258  119  143
259  119  144
260  120  144
261  120  145
262  121  145
263  121  146
264  122  146
265  122  147
266  123  147
267  123  148
268  124  148
269  124  149
270  125  149
271  125  150
272  126  150
273  126  151
274  127  151
275  127  152
276  128  152
277  128  153
278  129  153
279  129  154
280  130  154
281  130  155
282  131  155
283  131  156
284  132  156
285  132  157
286  133  157
287  133  134
288  134  158
289  135  158
290  110  134
291  135  159
292  136  159
293  136  160
294  137  160
295  137  161
296  138  161
297  138  162
298  139  162
299  139  163
300  140  163
301  140  164
302  141  164
303  141  165
304  142  165
305  142  166
306  143  166
307  143  167
308  144  167
309  144  168
310  145  168
311  145  169
312  146  169
313  146  170
314  147  170
315  147  171
316  148  171
317  148  172
318  149  172
319  149  173
320  150  173
321  150  174
322  151  174
323  151  175
324  152  175
325  152  176
326  153  176
327  153  177
328  154  177
329  154  178
330  155  178
331  155  179
332  156  179
333  156  180
334  157  180
335  157  181
336  134  181
337  158  183
338  159  183
339  159  184
340  160  184
341  160  185
342  161  185
343  161  186
344  162  186
345  162  187
346  163  187
347  163  188
348  164  188
349  164  189
350  165  189
351  165  190
352  166  190
353  166  191
354  167  191
355  167  192
356  168  192
357  168  193
358  169  193
359  169  194
360  170  194
361  170  195
362  171  195
363  171  196
364  172  196
365  172  197
366  173  197
367  173  198
368  174  198
369  174  199
370  175  199
371  175  200
372  176  200
373  176  201
374  177  201
375  177  202
376  178  202
377  178  203
378  179  203
379  179  204
380  180  204
381  180  205
382  181  205
383  181  182
384  182  206
385  183  206
386  158  182
387  183  207
388  184  207
389  184  208
390  185  208
391  185  209
392  186  209
393  186  210
394  187  210
395  187  211
396  188  211
397  188  212
398  189  212
399  189  213
400  190  213
401  190  214
402  191  214
403  191  215
404  192  215
405  192  216
406  193  216
407  193  217
408  194  217
409  194  218
410  195  218
411  195  219
412  196  219
413  196  220
414  197  220
415  197  221
416  198  221
417  198  222
418  199  222
419  199  223
420  200  223
421  200  224
422  201  224
423  201  225
424  202  225
425  202  226
426  203  226
427  203  227
428  204  227
429  204  228
430  205  228
431  205  229
432  182  229
433  206  231
434  207  231
435  207  232
436  208  232
437  208  233
438  209  233
439  209  234
440  210  234
441  210  235
442  211  235
443  211  236
444  212  236
445  212  237
446  213  237
447  213  238
448  214  238
449  214  239
450  215  239
451  215  240
452  216  240
453  216  241
454  217  241
455  217  242
456  218  242
457  218  243
458  219  243
459  219  244
460  220  244
461  220  245
462  221  245
463  221  246
464  222  246
465  222  247
466  223  247
467  223  248
468  224  248
469  224  249
470  225  249
471  225  250
472  226  250
473  226  251
474  227  251
475  227  252
476  228  252
477  228  253
478  229  253
479  229  230
480  230  254
481  231  254
482  206  230
483  231  255
484  232  255
485  232  256
486  233  256
487  233  257
488  234  257
489  234  258
490  235  258
491  235  259
492  236  259
493  236  260
494  237  260
495  237  261
496  238  261
497  238  262
498  239  262
499  239  263
500  240  263
501  240  264
502  241  264
503  241  265
504  242  265
505  242  266
506  243  266
507  243  267
508  244  267
509  244  268
510  245  268
511  245  269
512  246  269
513  246  270
514  247  270
515  247  271
516  248  271
517  248  272
518  249  272
519  249  273
520  250  273
521  250  274
522  251  274
523  251  275
524  252  275
525  252  276
526  253  276
527  253  277
528  230  277
529  254  279
530  255  279
531  255  280
532  256  280
533  256  281
534  257  281
535  257  282
536  258  282
537  258  283
538  259  283
539  259  284
540  260  284
541  260  285
542  261  285
543  261  286
544  262  286
545  262  287
546  263  287
547  263  288
548  264  288
549  264  289
550  265  289
551  265  290
552  266  290
553  266  291
554  267  291
555  267  292
556  268  292
557  268  293
558  269  293
559  269  294
560  270  294
561  270  295
562  271  295
563  271  296
564  272  296
565  272  297
566  273  297
567  273  298
568  274  298
569  274  299
570  275  299
571  275  300
572  276  300
573  276  301
574  277  301
575  277  278
576  278  302
577  279  302
578  254  278
579  279  303
580  280  303
581  280  304
582  281  304
583  281  305
584  282  305
585  282  306
586  283  306
587  283  307
588  284  307
589  284  308
590  285  308
591  285  309
592  286  309
593  286  310
594  287  310
595  287  311
596  288  311
597  288  312
598  289  312
599  289  313
600  290  313
601  290  314
602  291  314
603  291  315
604  292  315
605  292  316
606  293  316
607  293  317
608  294  317
609  294  318
610  295  318
611  295  319
612  296  319
613  296  320
614  297  320
615  297  321
616  298  321
617  298  322
618  299  322
619  299  323
620  300  323
621  300  324
622  301  324
623  301  325
624  278  325
625  302  327
626  303  327
627  303  328
628  304  328
629  304  329
630  305  329
631  305  330
632  306  330
633  306  331
634  307  331
635  307  332
636  308  332
637  308  333
638  309  333
639  309  334
640  310  334
641  310  335
642  311  335
643  311  336
644  312  336
645  312  337
646  313  337
647  313  338
648  314  338
649  314  339
650  315  339
651  315  340
652  316  340
653  316  341
654  317  341
655  317  342
656  318  342
657  318  343
658  319  343
659  319  344
660  320  344
661  320  345
662  321  345
663  321  346
664  322  346
665  322  347
666  323  347
667  323  348
668  324  348
669  324  349
670  325  349
671  325  326
672  326  350
673  327  350
674  302  326
675  327  351
676  328  351
677  328  352
678  329  352
679  329  353
680  330  353
681  330  354
682  331  354
683  331  355
684  332  355
685  332  356
686  333  356
687  333  357
688  334  357
689  334  358
690  335  358
691  335  359
692  336  359
693  336  360
694  337  360
695  337  361
696  338  361
697  338  362
698  339  362
699  339  363
700  340  363
701  340  364
702  341  364
703  341  365
704  342  365
705  342  366
706  343  366
707  343  367
708  344  367
709  344  368
710  345  368
711  345  369
712  346  369
713  346  370
714  347  370
715  347  371
716  348  371
717  348  372
718  349  372
719  349  373
720  326  373
721  350  374
722  351  374
723  351  375
724  352  375
725  352  376
726  353  376
727  353  377
728  354  377
729  354  378
730  355  378
731  355  379
732  356  379
733  357  379
734  357  380
735  358  380
736  358  381
737  359  381
738  359  382
739  360  382
740  360  383
741  361  383
742  361  384
743  362  384
744  363  384
745  363  385
746  364  385
747  364  386
748  365  386
749  365  387
750  366  387
751  366  388
752  367  388
753  367  389
754  368  389
755  369  389
756  369  390
757  370  390
758  370  391
759  371  391
760  371  392
761  372  392
762  372  393
763  373  393
764  373  374
765  374  394
766  375  394
767  375  395
768  376  395
769  376  396
770  377  396
771  377  397
772  378  397
773  378  398
774  379  398
775  380  398
776  380  399
777  381  399
778  381  400
779  382  400
780  382  401
781  383  401
782  383  402
783  384  402
784  385  402
785  385  403
786  386  403
787  386  404
788  387  404
789  387  405
790  388  405
791  388  406
792  389  406
793  390  406
794  390  407
795  391  407
796  391  408
797  392  408
798  392  409
799  393  409
800  393  394
801  394  410
802  395  410
803  395  411
804  396  411
805  396  412
806  397  412
807  397  413
808  398  413
809  399  413
810  399  414
811  400  414
812  400  415
813  401  415
814  401  416
815  402  416
816  403  416
817  403  417
818  404  417
819  404  418
820  405  418
821  405  419
822  406  419
823  407  419
824  407  420
825  408  420
826  408  421
827  409  421
828  409  410
829  410  422
830  411  422
831  411  423
832  412  423
833  412  424
834  413  424
835  414  424
836  414  425
837  415  425
838  415  426
839  416  426
840  417  426
841  417  427
842  418  427
843  418  428
844  419  428
845  420  428
846  420  429
847  421  429
848  421  422
849  422  430
850  423  430
851  423  431
852  424  431
853  425  431
854  425  432
855  426  432
856  427  432
857  427  433
858  428  433
859  429  433
860  429  430
861  430  434
862  431  434
863  432  434
864  433  434
432
1 4 3 1 2
2 3 7 5 6
3 7 10 8 9
4 10 4 11 12
5 15 1 13 14
6 2 18 16 17
7 18 5 19 20
8 6 23 21 22
9 23 8 24 25
10 9 28 26 27
11 28 11 29 30
12 12 15 31 32
13 35 13 33 34
14 14 16 36 37
15 17 40 38 39
16 40 19 41 42
17 20 21 43 44
18 22 47 45 46
19 47 24 48 49
20 25 26 50 51
21 27 54 52 53
22 54 29 55 56
23 30 31 57 58
24 32 35 59 60
25 63 33 61 62
26 34 36 64 65
27 37 38 66 67
28 39 70 68 69
29 70 41 71 72
30 42 43 73 74
31 44 45 75 76
32 46 79 77 78
33 79 48 80 81
34 49 50 82 83
35 51 52 84 85
36 53 88 86 87
37 88 55 89 90
38 56 57 91 92
39 58 59 93 94
40 60 63 95 96
41 99 61 97 98
42 62 64 100 101
43 65 66 102 103
44 67 68 104 105
45 69 108 106 107
46 108 71 109 110
47 72 73 111 112
48 74 75 113 114
49 76 77 115 116
50 78 119 117 118
51 119 80 120 121
52 81 82 122 123
53 83 84 124 125
54 85 86 126 127
55 87 130 128 129
56 130 89 131 132
57 90 91 133 134
58 92 93 135 136
59 94 95 137 138
60 96 99 139 140
61 143 97 141 142
62 98 100 144 145
63 101 102 146 147
64 103 104 148 149
65 105 106 150 151
66 107 154 152 153
67 154 109 155 156
68 110 111 157 158
69 112 113 159 160
70 114 115 161 162
71 116 117 163 164
72 118 167 165 166
73 167 120 168 169
74 121 122 170 171
75 123 124 172 173
76 125 126 174 175
77 127 128 176 177
78 129 180 178 179
79 180 131 181 182
80 132 133 183 184
81 134 135 185 186
82 136 137 187 188
83 138 139 189 190
84 140 143 191 194
85 194 141 192 193
86 142 144 195 196
87 145 146 197 198
88 147 148 199 200
89 149 150 201 202
90 151 152 203 204
91 153 155 205 206
92 156 157 207 208
93 158 159 209 210
94 160 161 211 212
95 162 163 213 214
96 164 165 215 216
97 166 168 217 218
98 169 170 219 220
99 171 172 221 222
100 173 174 223 224
101 175 176 225 226
102 177 178 227 228
103 179 181 229 230
104 182 183 231 232
105 184 185 233 234
106 186 187 235 236
107 188 189 237 238
108 190 191 239 240
109 193 195 241 242
110 196 197 243 244
111 198 199 245 246
112 200 201 247 248
113 202 203 249 250
114 204 205 251 252
115 206 207 253 254
116 208 209 255 256
117 210 211 257 258
118 212 213 259 260
119 214 215 261 262
120 216 217 263 264
121 218 219 265 266
122 220 221 267 268
123 222 223 269 270
124 224 225 271 272
125 226 227 273 274
126 228 229 275 276
127 230 231 277 278
128 232 233 279 280
129 234 235 281 282
130 236 237 283 284
131 238 239 285 286
132 240 192 287 290
133 290 241 288 289
134 242 243 291 292
135 244 245 293 294
136 246 247 295 296
137 248 249 297 298
138 250 251 299 300
139 252 253 301 302
140 254 255 303 304
141 256 257 305 306
142 258 259 307 308
143 260 261 309 310
144 262 263 311 312
145 264 265 313 314
146 266 267 315 316
147 268 269 317 318
148 270 271 319 320
149 272 273 321 322
150 274 275 323 324
151 276 277 325 326
152 278 279 327 328
153 280 281 329 330
154 282 283 331 332
155 284 285 333 334
156 286 287 335 336
157 289 291 337 338
158 292 293 339 340
159 294 295 341 342
160 296 297 343 344
161 298 299 345 346
162 300 301 347 348
163 302 303 349 350
164 304 305 351 352
165 306 307 353 354
166 308 309 355 356
167 310 311 357 358
168 312 313 359 360
169 314 315 361 362
170 316 317 363 364
171 318 319 365 366
172 320 321 367 368
173 322 323 369 370
174 324 325 371 372
175 326 327 373 374
176 328 329 375 376
177 330 331 377 378
178 332 333 379 380
179 334 335 381 382
180 336 288 383 386
181 386 337 384 385
182 338 339 387 388
183 340 341 389 390
184 342 343 391 392
185 344 345 393 394
186 346 347 395 396
187 348 349 397 398
188 350 351 399 400
189 352 353 401 402
190 354 355 403 404
191 356 357 405 406
192 358 359 407 408
193 360 361 409 410
194 362 363 411 412
195 364 365 413 414
196 366 367 415 416
197 368 369 417 418
198 370 371 419 420
199 372 373 421 422
200 374 375 423 424
201 376 377 425 426
202 378 379 427 428
203 380 381 429 430
204 382 383 431 432
205 385 387 433 434
206 388 389 435 436
207 390 391 437 438
208 392 393 439 440
209 394 395 441 442
210 396 397 443 444
211 398 399 445 446
212 400 401 447 448
213 402 403 449 450
214 404 405 451 452
215 406 407 453 454
216 408 409 455 456
217 410 411 457 458
218 412 413 459 460
219 414 415 461 462
220 416 417 463 464
221 418 419 465 466
222 420 421 467 468
223 422 423 469 470
224 424 425 471 472
225 426 427 473 474
226 428 429 475 476
227 430 431 477 478
228 432 384 479 482
229 482 433 480 481
230 434 435 483 484
231 436 437 485 486
232 438 439 487 488
233 440 441 489 490
234 442 443 491 492
235 444 445 493 494
236 446 447 495 496
237 448 449 497 498
238 450 451 499 500
239 452 453 501 502
240 454 455 503 504
241 456 457 505 506
242 458 459 507 508
243 460 461 509 510
244 462 463 511 512
245 464 465 513 514
246 466 467 515 516
247 468 469 517 518
248 470 471 519 520
249 472 473 521 522
250 474 475 523 524
251 476 477 525 526
252 478 479 527 528
253 481 483 529 530
254 484 485 531 532
255 486 487 533 534
256 488 489 535 536
257 490 491 537 538
258 492 493 539 540
259 494 495 541 542
260 496 497 543 544
261 498 499 545 546
262 500 501 547 548
263 502 503 549 550
264 504 505 551 552
265 506 507 553 554
266 508 509 555 556
267 510 511 557 558
268 512 513 559 560
269 514 515 561 562
270 516 517 563 564
271 518 519 565 566
272 520 521 567 568
273 522 523 569 570
274 524 525 571 572
275 526 527 573 574
276 528 480 575 578
277 578 529 576 577
278 530 531 579 580
279 532 533 581 582
280 534 535 583 584
281 536 537 585 586
282 538 539 587 588
283 540 541 589 590
284 542 543 591 592
285 544 545 593 594
286 546 547 595 596
287 548 549 597 598
288 550 551 599 600
289 552 553 601 602
290 554 555 603 604
291 556 557 605 606
292 558 559 607 608
293 560 561 609 610
294 562 563 611 612
295 564 565 613 614
296 566 567 615 616
297 568 569 617 618
298 570 571 619 620
299 572 573 621 622
300 574 575 623 624
301 577 579 625 626
302 580 581 627 628
303 582 583 629 630
304 584 585 631 632
305 586 587 633 634
306 588 589 635 636
307 590 591 637 638
308 592 593 639 640
309 594 595 641 642
310 596 597 643 644
311 598 599 645 646
312 600 601 647 648
313 602 603 649 650
314 604 605 651 652
315 606 607 653 654
316 608 609 655 656
317 610 611 657 658
318 612 613 659 660
319 614 615 661 662
320 616 617 663 664
321 618 619 665 666
322 620 621 667 668
323 622 623 669 670
324 624 576 671 674
325 674 625 672 673
326 626 627 675 676
327 628 629 677 678
328 630 631 679 680
329 632 633 681 682
330 634 635 683 684
331 636 637 685 686
332 638 639 687 688
333 640 641 689 690
334 642 643 691 692
335 644 645 693 694
336 646 647 695 696
337 648 649 697 698
338 650 651 699 700
339 652 653 701 702
340 654 655 703 704
341 656 657 705 706
342 658 659 707 708
343 660 661 709 710
344 662 663 711 712
345 664 665 713 714
346 666 667 715 716
347 668 669 717 718
348 670 671 719 720
349 673 675 721 722
350 676 677 723 724
351 678 679 725 726
352 680 681 727 728
353 682 683 729 730
354 684 685 731 732
355 686 687 732 733
356 688 689 734 735
357 690 691 736 737
358 692 693 738 739
359 694 695 740 741
360 696 697 742 743
361 698 699 743 744
362 700 701 745 746
363 702 703 747 748
364 704 705 749 750
365 706 707 751 752
366 708 709 753 754
367 710 711 754 755
368 712 713 756 757
369 714 715 758 759
370 716 717 760 761
371 718 719 762 763
372 720 672 764 721
373 722 723 765 766
374 724 725 767 768
375 726 727 769 770
376 728 729 771 772
377 730 731 773 774
378 733 734 774 775
379 735 736 776 777
380 737 738 778 779
381 739 740 780 781
382 741 742 782 783
383 744 745 783 784
384 746 747 785 786
385 748 749 787 788
386 750 751 789 790
387 752 753 791 792
388 755 756 792 793
389 757 758 794 795
390 759 760 796 797
391 761 762 798 799
392 763 764 800 765
393 766 767 801 802
394 768 769 803 804
395 770 771 805 806
396 772 773 807 808
397 775 776 808 809
398 777 778 810 811
399 779 780 812 813
400 781 782 814 815
401 784 785 815 816
402 786 787 817 818
403 788 789 819 820
404 790 791 821 822
405 793 794 822 823
406 795 796 824 825
407 797 798 826 827
408 799 800 828 801
409 802 803 829 830
410 804 805 831 832
411 806 807 833 834
412 809 810 834 835
413 811 812 836 837
414 813 814 838 839
415 816 817 839 840
416 818 819 841 842
417 820 821 843 844
418 823 824 844 845
419 825 826 846 847
420 827 828 848 829
421 830 831 849 850
422 832 833 851 852
423 835 836 852 853
424 837 838 854 855
425 840 841 855 856
426 842 843 857 858
427 845 846 858 859
428 847 848 860 849
429 850 851 861 862
430 853 854 862 863
431 856 857 863 864
432 859 860 864 861
