1 180 90
2 0 82.197
3 90 82.197
4 180 82.197
5 270 82.197
6 0 74.3575
7 45 74.3575
8 90 74.3575
9 135 74.3575
10 180 74.3575
11 225 74.3575
12 270 74.3575
13 315 74.3575
14 0 66.4435
15 30 66.4435
16 60 66.4435
17 90 66.4435
18 120 66.4435
19 150 66.4435
20 180 66.4435
21 210 66.4435
22 240 66.4435
23 270 66.4435
24 300 66.4435
25 330 66.4435
26 0 58.4137
27 22.5 58.4137
28 45 58.4137
29 67.5 58.4137
30 90 58.4137
31 112.5 58.4137
32 135 58.4137
33 157.5 58.4137
34 180 58.4137
35 202.5 58.4137
36 225 58.4137
37 247.5 58.4137
38 270 58.4137
39 292.5 58.4137
40 315 58.4137
41 337.5 58.4137
42 0 50.221
43 18 50.221
44 36 50.221
45 54 50.221
46 72 50.221
47 90 50.221
48 108 50.221
49 126 50.221
50 144 50.221
51 162 50.221
52 180 50.221
53 198 50.221
54 216 50.221
55 234 50.221
56 252 50.221
57 270 50.221
58 288 50.221
59 306 50.221
60 324 50.221
61 342 50.221
62 0 41.8103
63 15 41.8103
64 30 41.8103
65 45 41.8103
66 60 41.8103
67 75 41.8103
68 90 41.8103
69 105 41.8103
70 120 41.8103
71 135 41.8103
72 150 41.8103
73 165 41.8103
74 180 41.8103
75 195 41.8103
76 210 41.8103
77 225 41.8103
78 240 41.8103
79 255 41.8103
80 270 41.8103
81 285 41.8103
82 300 41.8103
83 315 41.8103
84 330 41.8103
85 345 41.8103
86 -7.5 33.749
87 7.5 33.749
88 22.5 33.749
89 37.5 33.749
90 52.5 33.749
91 67.5 33.749
92 82.5 33.749
93 97.5 33.749
94 112.5 33.749
95 127.5 33.749
96 142.5 33.749
97 157.5 33.749
98 172.5 33.749
99 187.5 33.749
100 202.5 33.749
101 217.5 33.749
102 232.5 33.749
103 247.5 33.749
104 262.5 33.749
105 277.5 33.749
106 292.5 33.749
107 307.5 33.749
108 322.5 33.749
109 337.5 33.749
110 0 26.3878
111 15 26.3878
112 30 26.3878
113 45 26.3878
114 60 26.3878
115 75 26.3878
116 90 26.3878
117 105 26.3878
118 120 26.3878
119 135 26.3878
120 150 26.3878
121 165 26.3878
122 180 26.3878
123 195 26.3878
124 210 26.3878
125 225 26.3878
126 240 26.3878
127 255 26.3878
128 270 26.3878
129 285 26.3878
130 300 26.3878
131 315 26.3878
132 330 26.3878
133 345 26.3878
134 -7.5 19.4712
135 7.5 19.4712
136 22.5 19.4712
137 37.5 19.4712
138 52.5 19.4712
139 67.5 19.4712
140 82.5 19.4712
141 97.5 19.4712
142 112.5 19.4712
143 127.5 19.4712
144 142.5 19.4712
145 157.5 19.4712
146 172.5 19.4712
147 187.5 19.4712
148 202.5 19.4712
149 217.5 19.4712
150 232.5 19.4712
151 247.5 19.4712
152 262.5 19.4712
153 277.5 19.4712
154 292.5 19.4712
155 307.5 19.4712
156 322.5 19.4712
157 337.5 19.4712
158 0 12.8396
159 15 12.8396
160 30 12.8396
161 45 12.8396
162 60 12.8396
163 75 12.8396
164 90 12.8396
165 105 12.8396
166 120 12.8396
167 135 12.8396
168 150 12.8396
169 165 12.8396
170 180 12.8396
171 195 12.8396
172 210 12.8396
173 225 12.8396
174 240 12.8396
175 255 12.8396
176 270 12.8396
177 285 12.8396
178 300 12.8396
179 315 12.8396
180 330 12.8396
181 345 12.8396
182 -7.5 6.37937
183 7.5 6.37937
184 22.5 6.37937
185 37.5 6.37937
186 52.5 6.37937
187 67.5 6.37937
188 82.5 6.37937
189 97.5 6.37937
190 112.5 6.37937
191 127.5 6.37937
192 142.5 6.37937
193 157.5 6.37937
194 172.5 6.37937
195 187.5 6.37937
196 202.5 6.37937
197 217.5 6.37937
198 232.5 6.37937
199 247.5 6.37937
200 262.5 6.37937
201 277.5 6.37937
202 292.5 6.37937
203 307.5 6.37937
204 322.5 6.37937
205 337.5 6.37937
206 0 0
207 15 0
208 30 0
209 45 0
210 60 0
211 75 0
212 90 0
213 105 0
214 120 0
215 135 0
216 150 0
217 165 0
218 180 0
219 195 0
220 210 0
221 225 0
222 240 0
223 255 0
224 270 0
225 285 0
226 300 0
227 315 0
228 330 0
229 345 0
230 -7.5 -6.37937
231 7.5 -6.37937
232 22.5 -6.37937
233 37.5 -6.37937
234 52.5 -6.37937
235 67.5 -6.37937
236 82.5 -6.37937
237 97.5 -6.37937
238 112.5 -6.37937
239 127.5 -6.37937
240 142.5 -6.37937
241 157.5 -6.37937
242 172.5 -6.37937
243 187.5 -6.37937
244 202.5 -6.37937
245 217.5 -6.37937
246 232.5 -6.37937
247 247.5 -6.37937
248 262.5 -6.37937
249 277.5 -6.37937
250 292.5 -6.37937
251 307.5 -6.37937
252 322.5 -6.37937
253 337.5 -6.37937
254 0 -12.8396
255 15 -12.8396
256 30 -12.8396
257 45 -12.8396
258 60 -12.8396
259 75 -12.8396
260 90 -12.8396
261 105 -12.8396
262 120 -12.8396
263 135 -12.8396
264 150 -12.8396
265 165 -12.8396
266 180 -12.8396
267 195 -12.8396
268 210 -12.8396
269 225 -12.8396
270 240 -12.8396
271 255 -12.8396
272 270 -12.8396
273 285 -12.8396
274 300 -12.8396
275 315 -12.8396
276 330 -12.8396
277 345 -12.8396
278 -7.5 -19.4712
279 7.5 -19.4712
280 22.5 -19.4712
281 37.5 -19.4712
282 52.5 -19.4712
283 67.5 -19.4712
284 82.5 -19.4712
285 97.5 -19.4712
286 112.5 -19.4712
287 127.5 -19.4712
288 142.5 -19.4712
289 157.5 -19.4712
290 172.5 -19.4712
291 187.5 -19.4712
292 202.5 -19.4712
293 217.5 -19.4712
294 232.5 -19.4712
295 247.5 -19.4712
296 262.5 -19.4712
297 277.5 -19.4712
298 292.5 -19.4712
299 307.5 -19.4712
300 322.5 -19.4712
301 337.5 -19.4712
302 0 -26.3878
303 15 -26.3878
304 30 -26.3878
305 45 -26.3878
306 60 -26.3878
307 75 -26.3878
308 90 -26.3878
309 105 -26.3878
310 120 -26.3878
311 135 -26.3878
312 150 -26.3878
313 165 -26.3878
314 180 -26.3878
315 195 -26.3878
316 210 -26.3878
317 225 -26.3878
318 240 -26.3878
319 255 -26.3878
320 270 -26.3878
321 285 -26.3878
322 300 -26.3878
323 315 -26.3878
324 330 -26.3878
325 345 -26.3878
326 -7.5 -33.749
327 7.5 -33.749
328 22.5 -33.749
329 37.5 -33.749
330 52.5 -33.749
331 67.5 -33.749
332 82.5 -33.749
333 97.5 -33.749
334 112.5 -33.749
335 127.5 -33.749
336 142.5 -33.749
337 157.5 -33.749
338 172.5 -33.749
339 187.5 -33.749
340 202.5 -33.749
341 217.5 -33.749
342 232.5 -33.749
343 247.5 -33.749
344 262.5 -33.749
345 277.5 -33.749
346 292.5 -33.749
347 307.5 -33.749
348 322.5 -33.749
349 337.5 -33.749
350 0 -41.8103
351 15 -41.8103
352 30 -41.8103
353 45 -41.8103
354 60 -41.8103
355 75 -41.8103
356 90 -41.8103
357 105 -41.8103
358 120 -41.8103
359 135 -41.8103
360 150 -41.8103
361 165 -41.8103
362 180 -41.8103
363 195 -41.8103
364 210 -41.8103
365 225 -41.8103
366 240 -41.8103
367 255 -41.8103
368 270 -41.8103
369 285 -41.8103
370 300 -41.8103
371 315 -41.8103
372 330 -41.8103
373 345 -41.8103
374 0 -50.221
375 18 -50.221
376 36 -50.221
377 54 -50.221
378 72 -50.221
379 90 -50.221
380 108 -50.221
381 126 -50.221
382 144 -50.221
383 162 -50.221
384 180 -50.221
385 198 -50.221
386 216 -50.221
387 234 -50.221
388 252 -50.221
389 270 -50.221
390 288 -50.221
391 306 -50.221
392 324 -50.221
393 342 -50.221
394 0 -58.4137
395 22.5 -58.4137
396 45 -58.4137
397 67.5 -58.4137
398 90 -58.4137
399 112.5 -58.4137
400 135 -58.4137
401 157.5 -58.4137
402 180 -58.4137
403 202.5 -58.4137
404 225 -58.4137
405 247.5 -58.4137
406 270 -58.4137
407 292.5 -58.4137
408 315 -58.4137
409 337.5 -58.4137
410 0 -66.4435
411 30 -66.4435
412 60 -66.4435
413 90 -66.4435
414 120 -66.4435
415 150 -66.4435
416 180 -66.4435
417 210 -66.4435
418 240 -66.4435
419 270 -66.4435
420 300 -66.4435
421 330 -66.4435
422 0 -74.3575
423 45 -74.3575
424 90 -74.3575
425 135 -74.3575
426 180 -74.3575
427 225 -74.3575
428 270 -74.3575
429 315 -74.3575
430 0 -82.197
431 90 -82.197
432 180 -82.197
433 270 -82.197
434 180 -90

1  2  7
2  3  7
3  1  3
4  1  2
5  3  9
6  4  9
7  1  4
8  4  11
9  5  11
10  1  5
11  5  13
12  436  13
13  1  436
14  6  15
15  7  15
16  2  6
17  7  16
18  8  16
19  3  8
20  8  18
21  9  18
22  9  19
23  10  19
24  4  10
25  10  21
26  11  21
27  11  22
28  12  22
29  5  12
30  12  24
31  13  24
32  13  25
33  437  25
34  436  437
35  14  27
36  15  27
37  6  14
38  15  28
39  16  28
40  16  29
41  17  29
42  8  17
43  17  31
44  18  31
45  18  32
46  19  32
47  19  33
48  20  33
49  10  20
50  20  35
51  21  35
52  21  36
53  22  36
54  22  37
55  23  37
56  12  23
57  23  39
58  24  39
59  24  40
60  25  40
61  25  41
62  438  41
63  437  438
64  26  43
65  27  43
66  14  26
67  27  44
68  28  44
69  28  45
70  29  45
71  29  46
72  30  46
73  17  30
74  30  48
75  31  48
76  31  49
77  32  49
78  32  50
79  33  50
80  33  51
81  34  51
82  20  34
83  34  53
84  35  53
85  35  54
86  36  54
87  36  55
88  37  55
89  37  56
90  38  56
91  23  38
92  38  58
93  39  58
94  39  59
95  40  59
96  40  60
97  41  60
98  41  61
99  439  61
100  438  439
101  42  63
102  43  63
103  26  42
104  43  64
105  44  64
106  44  65
107  45  65
108  45  66
109  46  66
110  46  67
111  47  67
112  30  47
113  47  69
114  48  69
115  48  70
116  49  70
117  49  71
118  50  71
119  50  72
120  51  72
121  51  73
122  52  73
123  34  52
124  52  75
125  53  75
126  53  76
127  54  76
128  54  77
129  55  77
130  55  78
131  56  78
132  56  79
133  57  79
134  38  57
135  57  81
136  58  81
137  58  82
138  59  82
139  59  83
140  60  83
141  60  84
142  61  84
143  61  85
144  440  85
145  439  440
146  62  87
147  63  87
148  42  62
149  63  88
150  64  88
151  64  89
152  65  89
153  65  90
154  66  90
155  66  91
156  67  91
157  67  92
158  68  92
159  47  68
160  68  93
161  69  93
162  69  94
163  70  94
164  70  95
165  71  95
166  71  96
167  72  96
168  72  97
169  73  97
170  73  98
171  74  98
172  52  74
173  74  99
174  75  99
175  75  100
176  76  100
177  76  101
178  77  101
179  77  102
180  78  102
181  78  103
182  79  103
183  79  104
184  80  104
185  57  80
186  80  105
187  81  105
188  81  106
189  82  106
190  82  107
191  83  107
192  83  108
193  84  108
194  84  109
195  85  109
196  85  442
197  441  442
198  440  441
199  86  110
200  87  110
201  62  86
202  87  111
203  88  111
204  88  112
205  89  112
206  89  113
207  90  113
208  90  114
209  91  114
210  91  115
211  92  115
212  92  116
213  93  116
214  93  117
215  94  117
216  94  118
217  95  118
218  95  119
219  96  119
220  96  120
221  97  120
222  97  121
223  98  121
224  98  122
225  99  122
226  99  123
227  100  123
228  100  124
229  101  124
230  101  125
231  102  125
232  102  126
233  103  126
234  103  127
235  104  127
236  104  128
237  105  128
238  105  129
239  106  129
240  106  130
241  107  130
242  107  131
243  108  131
244  108  132
245  109  132
246  109  133
247  442  133
248  110  135
249  111  135
250  111  136
251  112  136
252  112  137
253  113  137
254  113  138
255  114  138
256  114  139
257  115  139
258  115  140
259  116  140
260  116  141
261  117  141
262  117  142
263  118  142
264  118  143
265  119  143
266  119  144
267  120  144
268  120  145
269  121  145
270  121  146
271  122  146
272  122  147
273  123  147
274  123  148
275  124  148
276  124  149
277  125  149
278  125  150
279  126  150
280  126  151
281  127  151
282  127  152
283  128  152
284  128  153
285  129  153
286  129  154
287  130  154
288  130  155
289  131  155
290  131  156
291  132  156
292  132  157
293  133  157
294  133  444
295  443  444
296  442  443
297  134  158
298  135  158
299  110  134
300  135  159
301  136  159
302  136  160
303  137  160
304  137  161
305  138  161
306  138  162
307  139  162
308  139  163
309  140  163
310  140  164
311  141  164
312  141  165
313  142  165
314  142  166
315  143  166
316  143  167
317  144  167
318  144  168
319  145  168
320  145  169
321  146  169
322  146  170
323  147  170
324  147  171
325  148  171
326  148  172
327  149  172
328  149  173
329  150  173
330  150  174
331  151  174
332  151  175
333  152  175
334  152  176
335  153  176
336  153  177
337  154  177
338  154  178
339  155  178
340  155  179
341  156  179
342  156  180
343  157  180
344  157  181
345  444  181
346  158  183
347  159  183
348  159  184
349  160  184
350  160  185
351  161  185
352  161  186
353  162  186
354  162  187
355  163  187
356  163  188
357  164  188
358  164  189
359  165  189
360  165  190
361  166  190
362  166  191
363  167  191
364  167  192
365  168  192
366  168  193
367  169  193
368  169  194
369  170  194
370  170  195
371  171  195
372  171  196
373  172  196
374  172  197
375  173  197
376  173  198
377  174  198
378  174  199
379  175  199
380  175  200
381  176  200
382  176  201
383  177  201
384  177  202
385  178  202
386  178  203
387  179  203
388  179  204
389  180  204
390  180  205
391  181  205
392  181  446
393  445  446
394  444  445
395  182  206
396  183  206
397  158  182
398  183  207
399  184  207
400  184  208
401  185  208
402  185  209
403  186  209
404  186  210
405  187  210
406  187  211
407  188  211
408  188  212
409  189  212
410  189  213
411  190  213
412  190  214
413  191  214
414  191  215
415  192  215
416  192  216
417  193  216
418  193  217
419  194  217
420  194  218
421  195  218
422  195  219
423  196  219
424  196  220
425  197  220
426  197  221
427  198  221
428  198  222
429  199  222
430  199  223
431  200  223
432  200  224
433  201  224
434  201  225
435  202  225
436  202  226
437  203  226
438  203  227
439  204  227
440  204  228
441  205  228
442  205  229
443  446  229
444  206  231
445  207  231
446  207  232
447  208  232
448  208  233
449  209  233
450  209  234
451  210  234
452  210  235
453  211  235
454  211  236
455  212  236
456  212  237
457  213  237
458  213  238
459  214  238
460  214  239
461  215  239
462  215  240
463  216  240
464  216  241
465  217  241
466  217  242
467  218  242
468  218  243
469  219  243
470  219  244
471  220  244
472  220  245
473  221  245
474  221  246
475  222  246
476  222  247
477  223  247
478  223  248
479  224  248
480  224  249
481  225  249
482  225  250
483  226  250
484  226  251
485  227  251
486  227  252
487  228  252
488  228  253
489  229  253
490  229  448
491  447  448
492  446  447
493  230  254
494  231  254
495  206  230
496  231  255
497  232  255
498  232  256
499  233  256
500  233  257
501  234  257
502  234  258
503  235  258
504  235  259
505  236  259
506  236  260
507  237  260
508  237  261
509  238  261
510  238  262
511  239  262
512  239  263
513  240  263
514  240  264
515  241  264
516  241  265
517  242  265
518  242  266
519  243  266
520  243  267
521  244  267
522  244  268
523  245  268
524  245  269
525  246  269
526  246  270
527  247  270
528  247  271
529  248  271
530  248  272
531  249  272
532  249  273
533  250  273
534  250  274
535  251  274
536  251  275
537  252  275
538  252  276
539  253  276
540  253  277
541  448  277
542  254  279
543  255  279
544  255  280
545  256  280
546  256  281
547  257  281
548  257  282
549  258  282
550  258  283
551  259  283
552  259  284
553  260  284
554  260  285
555  261  285
556  261  286
557  262  286
558  262  287
559  263  287
560  263  288
561  264  288
562  264  289
563  265  289
564  265  290
565  266  290
566  266  291
567  267  291
568  267  292
569  268  292
570  268  293
571  269  293
572  269  294
573  270  294
574  270  295
575  271  295
576  271  296
577  272  296
578  272  297
579  273  297
580  273  298
581  274  298
582  274  299
583  275  299
584  275  300
585  276  300
586  276  301
587  277  301
588  277  450
589  449  450
590  448  449
591  278  302
592  279  302
593  254  278
594  279  303
595  280  303
596  280  304
597  281  304
598  281  305
599  282  305
600  282  306
601  283  306
602  283  307
603  284  307
604  284  308
605  285  308
606  285  309
607  286  309
608  286  310
609  287  310
610  287  311
611  288  311
612  288  312
613  289  312
614  289  313
615  290  313
616  290  314
617  291  314
618  291  315
619  292  315
620  292  316
621  293  316
622  293  317
623  294  317
624  294  318
625  295  318
626  295  319
627  296  319
628  296  320
629  297  320
630  297  321
631  298  321
632  298  322
633  299  322
634  299  323
635  300  323
636  300  324
637  301  324
638  301  325
639  450  325
640  302  327
641  303  327
642  303  328
643  304  328
644  304  329
645  305  329
646  305  330
647  306  330
648  306  331
649  307  331
650  307  332
651  308  332
652  308  333
653  309  333
654  309  334
655  310  334
656  310  335
657  311  335
658  311  336
659  312  336
660  312  337
661  313  337
662  313  338
663  314  338
664  314  339
665  315  339
666  315  340
667  316  340
668  316  341
669  317  341
670  317  342
671  318  342
672  318  343
673  319  343
674  319  344
675  320  344
676  320  345
677  321  345
678  321  346
679  322  346
680  322  347
681  323  347
682  323  348
683  324  348
684  324  349
685  325  349
686  325  452
687  451  452
688  450  451
689  326  350
690  327  350
691  302  326
692  327  351
693  328  351
694  328  352
695  329  352
696  329  353
697  330  353
698  330  354
699  331  354
700  331  355
701  332  355
702  332  356
703  333  356
704  333  357
705  334  357
706  334  358
707  335  358
708  335  359
709  336  359
710  336  360
711  337  360
712  337  361
713  338  361
714  338  362
715  339  362
716  339  363
717  340  363
718  340  364
719  341  364
720  341  365
721  342  365
722  342  366
723  343  366
724  343  367
725  344  367
726  344  368
727  345  368
728  345  369
729  346  369
730  346  370
731  347  370
732  347  371
733  348  371
734  348  372
735  349  372
736  349  373
737  452  373
738  350  374
739  351  374
740  351  375
741  352  375
742  352  376
743  353  376
744  353  377
745  354  377
746  354  378
747  355  378
748  355  379
749  356  379
750  357  379
751  357  380
752  358  380
753  358  381
754  359  381
755  359  382
756  360  382
757  360  383
758  361  383
759  361  384
760  362  384
761  363  384
762  363  385
763  364  385
764  364  386
765  365  386
766  365  387
767  366  387
768  366  388
769  367  388
770  367  389
771  368  389
772  369  389
773  369  390
774  370  390
775  370  391
776  371  391
777  371  392
778  372  392
779  372  393
780  373  393
781  373  454
782  453  454
783  452  453
784  374  394
785  375  394
786  375  395
787  376  395
788  376  396
789  377  396
790  377  397
791  378  397
792  378  398
793  379  398
794  380  398
795  380  399
796  381  399
797  381  400
798  382  400
799  382  401
800  383  401
801  383  402
802  384  402
803  385  402
804  385  403
805  386  403
806  386  404
807  387  404
808  387  405
809  388  405
810  388  406
811  389  406
812  390  406
813  390  407
814  391  407
815  391  408
816  392  408
817  392  409
818  393  409
819  393  455
820  454  455
821  394  410
822  395  410
823  395  411
824  396  411
825  396  412
826  397  412
827  397  413
828  398  413
829  399  413
830  399  414
831  400  414
832  400  415
833  401  415
834  401  416
835  402  416
836  403  416
837  403  417
838  404  417
839  404  418
840  405  418
841  405  419
842  406  419
843  407  419
844  407  420
845  408  420
846  408  421
847  409  421
848  409  456
849  455  456
850  410  422
851  411  422
852  411  423
853  412  423
854  412  424
855  413  424
856  414  424
857  414  425
858  415  425
859  415  426
860  416  426
861  417  426
862  417  427
863  418  427
864  418  428
865  419  428
866  420  428
867  420  429
868  421  429
869  421  457
870  456  457
871  422  430
872  423  430
873  423  431
874  424  431
875  425  431
876  425  432
877  426  432
878  427  432
879  427  433
880  428  433
881  429  433
882  429  458
883  457  458
884  430  434
885  431  434
886  432  434
887  433  434
888  458  434

1 4 3 1 2
2 3 7 5 6
3 7 10 8 9
4 10 13 11 12
5 16 1 14 15
6 2 19 17 18
7 19 5 20 21
8 6 24 22 23
9 24 8 25 26
10 9 29 27 28
11 29 11 30 31
12 12 34 32 33
13 37 14 35 36
14 15 17 38 39
15 18 42 40 41
16 42 20 43 44
17 21 22 45 46
18 23 49 47 48
19 49 25 50 51
20 26 27 52 53
21 28 56 54 55
22 56 30 57 58
23 31 32 59 60
24 33 63 61 62
25 66 35 64 65
26 36 38 67 68
27 39 40 69 70
28 41 73 71 72
29 73 43 74 75
30 44 45 76 77
31 46 47 78 79
32 48 82 80 81
33 82 50 83 84
34 51 52 85 86
35 53 54 87 88
36 55 91 89 90
37 91 57 92 93
38 58 59 94 95
39 60 61 96 97
40 62 100 98 99
41 103 64 101 102
42 65 67 104 105
43 68 69 106 107
44 70 71 108 109
45 72 112 110 111
46 112 74 113 114
47 75 76 115 116
48 77 78 117 118
49 79 80 119 120
50 81 123 121 122
51 123 83 124 125
52 84 85 126 127
53 86 87 128 129
54 88 89 130 131
55 90 134 132 133
56 134 92 135 136
57 93 94 137 138
58 95 96 139 140
59 97 98 141 142
60 99 145 143 144
61 148 101 146 147
62 102 104 149 150
63 105 106 151 152
64 107 108 153 154
65 109 110 155 156
66 111 159 157 158
67 159 113 160 161
68 114 115 162 163
69 116 117 164 165
70 118 119 166 167
71 120 121 168 169
72 122 172 170 171
73 172 124 173 174
74 125 126 175 176
75 127 128 177 178
76 129 130 179 180
77 131 132 181 182
78 133 185 183 184
79 185 135 186 187
80 136 137 188 189
81 138 139 190 191
82 140 141 192 193
83 142 143 194 195
84 144 198 196 197
85 201 146 199 200
86 147 149 202 203
87 150 151 204 205
88 152 153 206 207
89 154 155 208 209
90 156 157 210 211
91 158 160 212 213
92 161 162 214 215
93 163 164 216 217
94 165 166 218 219
95 167 168 220 221
96 169 170 222 223
97 171 173 224 225
98 174 175 226 227
99 176 177 228 229
100 178 179 230 231
101 180 181 232 233
102 182 183 234 235
103 184 186 236 237
104 187 188 238 239
105 189 190 240 241
106 191 192 242 243
107 193 194 244 245
108 195 196 246 247
109 200 202 248 249
110 203 204 250 251
111 205 206 252 253
112 207 208 254 255
113 209 210 256 257
114 211 212 258 259
115 213 214 260 261
116 215 216 262 263
117 217 218 264 265
118 219 220 266 267
119 221 222 268 269
120 223 224 270 271
121 225 226 272 273
122 227 228 274 275
123 229 230 276 277
124 231 232 278 279
125 233 234 280 281
126 235 236 282 283
127 237 238 284 285
128 239 240 286 287
129 241 242 288 289
130 243 244 290 291
131 245 246 292 293
132 247 296 294 295
133 299 248 297 298
134 249 250 300 301
135 251 252 302 303
136 253 254 304 305
137 255 256 306 307
138 257 258 308 309
139 259 260 310 311
140 261 262 312 313
141 263 264 314 315
142 265 266 316 317
143 267 268 318 319
144 269 270 320 321
145 271 272 322 323
146 273 274 324 325
147 275 276 326 327
148 277 278 328 329
149 279 280 330 331
150 281 282 332 333
151 283 284 334 335
152 285 286 336 337
153 287 288 338 339
154 289 290 340 341
155 291 292 342 343
156 293 294 344 345
157 298 300 346 347
158 301 302 348 349
159 303 304 350 351
160 305 306 352 353
161 307 308 354 355
162 309 310 356 357
163 311 312 358 359
164 313 314 360 361
165 315 316 362 363
166 317 318 364 365
167 319 320 366 367
168 321 322 368 369
169 323 324 370 371
170 325 326 372 373
171 327 328 374 375
172 329 330 376 377
173 331 332 378 379
174 333 334 380 381
175 335 336 382 383
176 337 338 384 385
177 339 340 386 387
178 341 342 388 389
179 343 344 390 391
180 345 394 392 393
181 397 346 395 396
182 347 348 398 399
183 349 350 400 401
184 351 352 402 403
185 353 354 404 405
186 355 356 406 407
187 357 358 408 409
188 359 360 410 411
189 361 362 412 413
190 363 364 414 415
191 365 366 416 417
192 367 368 418 419
193 369 370 420 421
194 371 372 422 423
195 373 374 424 425
196 375 376 426 427
197 377 378 428 429
198 379 380 430 431
199 381 382 432 433
200 383 384 434 435
201 385 386 436 437
202 387 388 438 439
203 389 390 440 441
204 391 392 442 443
205 396 398 444 445
206 399 400 446 447
207 401 402 448 449
208 403 404 450 451
209 405 406 452 453
210 407 408 454 455
211 409 410 456 457
212 411 412 458 459
213 413 414 460 461
214 415 416 462 463
215 417 418 464 465
216 419 420 466 467
217 421 422 468 469
218 423 424 470 471
219 425 426 472 473
220 427 428 474 475
221 429 430 476 477
222 431 432 478 479
223 433 434 480 481
224 435 436 482 483
225 437 438 484 485
226 439 440 486 487
227 441 442 488 489
228 443 492 490 491
229 495 444 493 494
230 445 446 496 497
231 447 448 498 499
232 449 450 500 501
233 451 452 502 503
234 453 454 504 505
235 455 456 506 507
236 457 458 508 509
237 459 460 510 511
238 461 462 512 513
239 463 464 514 515
240 465 466 516 517
241 467 468 518 519
242 469 470 520 521
243 471 472 522 523
244 473 474 524 525
245 475 476 526 527
246 477 478 528 529
247 479 480 530 531
248 481 482 532 533
249 483 484 534 535
250 485 486 536 537
251 487 488 538 539
252 489 490 540 541
253 494 496 542 543
254 497 498 544 545
255 499 500 546 547
256 501 502 548 549
257 503 504 550 551
258 505 506 552 553
259 507 508 554 555
260 509 510 556 557
261 511 512 558 559
262 513 514 560 561
263 515 516 562 563
264 517 518 564 565
265 519 520 566 567
266 521 522 568 569
267 523 524 570 571
268 525 526 572 573
269 527 528 574 575
270 529 530 576 577
271 531 532 578 579
272 533 534 580 581
273 535 536 582 583
274 537 538 584 585
275 539 540 586 587
276 541 590 588 589
277 593 542 591 592
278 543 544 594 595
279 545 546 596 597
280 547 548 598 599
281 549 550 600 601
282 551 552 602 603
283 553 554 604 605
284 555 556 606 607
285 557 558 608 609
286 559 560 610 611
287 561 562 612 613
288 563 564 614 615
289 565 566 616 617
290 567 568 618 619
291 569 570 620 621
292 571 572 622 623
293 573 574 624 625
294 575 576 626 627
295 577 578 628 629
296 579 580 630 631
297 581 582 632 633
298 583 584 634 635
299 585 586 636 637
300 587 588 638 639
301 592 594 640 641
302 595 596 642 643
303 597 598 644 645
304 599 600 646 647
305 601 602 648 649
306 603 604 650 651
307 605 606 652 653
308 607 608 654 655
309 609 610 656 657
310 611 612 658 659
311 613 614 660 661
312 615 616 662 663
313 617 618 664 665
314 619 620 666 667
315 621 622 668 669
316 623 624 670 671
317 625 626 672 673
318 627 628 674 675
319 629 630 676 677
320 631 632 678 679
321 633 634 680 681
322 635 636 682 683
323 637 638 684 685
324 639 688 686 687
325 691 640 689 690
326 641 642 692 693
327 643 644 694 695
328 645 646 696 697
329 647 648 698 699
330 649 650 700 701
331 651 652 702 703
332 653 654 704 705
333 655 656 706 707
334 657 658 708 709
335 659 660 710 711
336 661 662 712 713
337 663 664 714 715
338 665 666 716 717
339 667 668 718 719
340 669 670 720 721
341 671 672 722 723
342 673 674 724 725
343 675 676 726 727
344 677 678 728 729
345 679 680 730 731
346 681 682 732 733
347 683 684 734 735
348 685 686 736 737
349 690 692 738 739
350 693 694 740 741
351 695 696 742 743
352 697 698 744 745
353 699 700 746 747
354 701 702 748 749
355 703 704 749 750
356 705 706 751 752
357 707 708 753 754
358 709 710 755 756
359 711 712 757 758
360 713 714 759 760
361 715 716 760 761
362 717 718 762 763
363 719 720 764 765
364 721 722 766 767
365 723 724 768 769
366 725 726 770 771
367 727 728 771 772
368 729 730 773 774
369 731 732 775 776
370 733 734 777 778
371 735 736 779 780
372 737 783 781 782
373 739 740 784 785
374 741 742 786 787
375 743 744 788 789
376 745 746 790 791
377 747 748 792 793
378 750 751 793 794
379 752 753 795 796
380 754 755 797 798
381 756 757 799 800
382 758 759 801 802
383 761 762 802 803
384 763 764 804 805
385 765 766 806 807
386 767 768 808 809
387 769 770 810 811
388 772 773 811 812
389 774 775 813 814
390 776 777 815 816
391 778 779 817 818
392 780 781 819 820
393 785 786 821 822
394 787 788 823 824
395 789 790 825 826
396 791 792 827 828
397 794 795 828 829
398 796 797 830 831
399 798 799 832 833
400 800 801 834 835
401 803 804 835 836
402 805 806 837 838
403 807 808 839 840
404 809 810 841 842
405 812 813 842 843
406 814 815 844 845
407 816 817 846 847
408 818 819 848 849
409 822 823 850 851
410 824 825 852 853
411 826 827 854 855
412 829 830 855 856
413 831 832 857 858
414 833 834 859 860
415 836 837 860 861
416 838 839 862 863
417 840 841 864 865
418 843 844 865 866
419 845 846 867 868
420 847 848 869 870
421 851 852 871 872
422 853 854 873 874
423 856 857 874 875
424 858 859 876 877
425 861 862 877 878
426 863 864 879 880
427 866 867 880 881
428 868 869 882 883
429 872 873 884 885
430 875 876 885 886
431 878 879 886 887
432 881 882 887 888
